108, 106	; max_west, min_west
40, 39	; max_north, min_north
39.6164985, 107.0139367, 63.443, -3.140, -79.728
39.6167969, 107.0131616, 63.443, -2.351, -85.754
39.6170953, 107.0123866, 63.443, 0.360, -89.270
39.6173936, 107.0116116, 63.443, 0.442, -91.762
39.6176920, 107.0108365, 63.443, 0.110, -93.700
39.6179904, 107.0100615, 63.443, 1.197, -95.284
39.6182888, 107.0092864, 63.443, 1.143, -96.624
39.6185871, 107.0085114, 63.443, 0.866, -97.784 *
39.6188855, 107.0077363, 63.443, 1.609, -180.368
39.6191838, 107.0069612, 63.443, 1.377, -99.724 *
39.6194822, 107.0061861, 63.443, 0.866, -98.117 *
39.6197805, 107.0054110, 63.443, -0.219, -182.405 *
39.6203772, 107.0038608, 63.443, -0.219, -186.813 *
39.6206755, 107.0030857, 63.443, -0.219, -197.294 *
39.6209739, 107.0023106, 63.443, -0.219, -197.890 *
39.6212722, 107.0015355, 63.443, -0.219, -200.950 *
39.6215705, 107.0007604, 63.443, -0.021, -189.427 *
39.6218688, 106.9999852, 63.443, 1.377, -100.470 *
39.6221671, 106.9992101, 63.443, 1.865, -101.178
39.6224654, 106.9984349, 63.443, 2.482, -106.169
39.6227637, 106.9976598, 63.443, 2.810, -106.577
39.6230620, 106.9968846, 63.443, 2.710, -106.965 *
39.6233603, 106.9961094, 63.443, 2.710, -104.395 *
39.6236585, 106.9953343, 63.443, 2.710, -121.854 *
39.6197969, 107.0054173, 63.332, 1.377, -182.409 *
39.6204183, 107.0038766, 63.201, -0.219, -197.440 *
39.6237519, 106.9953701, 63.126, 2.707, -121.848 *
39.6229208, 106.9977205, 62.841, 2.570, -106.594
39.6238760, 106.9954186, 62.706, 2.494, -107.709 *
39.6220849, 107.0000694, 62.491, 1.373, -184.150 *
39.6196471, 107.0062508, 62.233, 1.719, -97.654
39.6237553, 106.9962648, 62.052, 2.366, -107.372 *
39.6212503, 107.0024195, 62.011, -0.218, -198.144 *
39.6187502, 107.0085758, 61.847, 1.694, -97.828
39.6229211, 106.9986159, 61.619, 2.363, -106.220
39.6204193, 107.0047721, 61.303, 0.860, -99.202 *
39.6220836, 107.0009665, 61.066, 0.860, -102.224 *
39.6237517, 106.9971626, 60.913, 2.253, -107.033 *
39.6232427, 106.9987522, 60.334, 1.737, -106.258 *
39.6245839, 106.9957121, 60.311, 2.150, -107.776 *
39.6212533, 107.0033219, 60.265, -0.217, -197.612 *
39.6195839, 107.0071249, 60.242, 2.419, -99.815
39.6179180, 107.0109292, 60.128, 1.382, -93.795
39.6230698, 106.9995838, 59.661, 0.998, -92.009 *
39.6237524, 106.9980691, 59.661, 2.206, -103.154 *
39.6220850, 107.0018734, 59.470, -0.216, -184.603 *
39.6204177, 107.0056779, 59.131, 2.202, -98.552 *
39.6245856, 106.9966224, 59.131, 2.202, -104.889 *
39.6229222, 107.0004292, 58.809, -0.021, -191.860 *
39.6187515, 107.0094834, 58.354, 1.978, -96.774
39.6212537, 107.0042343, 58.303, -0.215, -197.405 *
39.6237509, 106.9989825, 58.303, 1.693, -99.913 *
39.6245852, 106.9975395, 57.860, 2.192, -103.998 *
39.6220836, 107.0027894, 57.701, -0.215, -200.927 *
39.6254191, 106.9960970, 57.487, 2.189, -105.479 *
39.6195842, 107.0080403, 57.297, 2.937, -98.992
39.6229217, 107.0013495, 57.188, -0.021, -187.267 *
39.6237531, 106.9999072, 56.801, 0.988, -192.617 *
39.6204192, 107.0066000, 56.575, 3.131, -97.890
39.6245895, 106.9984678, 56.462, 2.701, -98.298 *
39.6257309, 106.9962519, 56.433, 2.701, -106.170 *
39.6223454, 107.0029192, 56.347, -0.021, -200.996 *
39.6189552, 107.0095836, 56.116, 1.962, -96.846
39.6212544, 107.0051607, 56.058, -0.214, -99.245 *
39.6255347, 106.9970851, 55.794, 2.694, -104.916 *
39.6229171, 107.0022796, 55.406, 0.983, -103.487 *
39.6221432, 107.0037501, 55.376, -0.213, -198.010 *
39.6237518, 107.0008412, 55.163, 0.982, -202.329 *
39.6170835, 107.0132923, 55.041, 0.466, -86.011
39.6245904, 106.9994052, 54.948, 1.672, -101.261 *
39.6254225, 106.9979657, 54.793, 2.684, -104.812 *
39.6262527, 106.9965254, 54.669, 2.683, -105.492 *
39.6179177, 107.0118545, 54.225, 1.623, -92.047
39.6187523, 107.0104172, 53.870, 2.116, -95.583
39.6195835, 107.0089781, 53.706, 2.970, -98.090
39.6249174, 106.9995847, 53.641, 1.172, -101.290 *
39.6204181, 107.0075409, 53.575, 3.581, -100.039
39.6212538, 107.0061044, 53.475, 1.171, -99.103 *
39.6220885, 107.0046672, 53.409, 1.171, -197.746 *
39.6229198, 107.0032281, 53.375, 1.793, -184.878 *
39.6237526, 107.0017899, 53.342, 1.792, -202.154 *
39.6254227, 106.9989159, 53.275, 1.792, -101.967 *
39.6262505, 106.9974747, 53.275, 2.717, -105.330 *
39.6246999, 107.0004174, 52.834, 1.789, -185.408 *
39.6215037, 107.0062502, 51.782, 2.700, -98.932 *
39.6262530, 106.9984394, 51.746, 1.781, -97.017 *
39.6254175, 106.9998765, 51.637, 1.780, -98.332 *
39.6245854, 107.0013157, 51.492, 2.697, -100.713 *
39.6237544, 107.0027557, 51.309, 2.695, -95.035 *
39.6229221, 107.0041951, 51.088, 1.776, -200.641 *
39.6220860, 107.0056323, 50.827, 1.158, -183.647 *
39.6270840, 106.9979759, 50.334, 2.684, -178.110 *
39.6212747, 107.0070855, 50.296, 3.332, -100.990 *
39.6262597, 106.9994217, 50.064, 2.681, -189.218 *
39.6240160, 107.0029195, 50.025, 3.328, -176.083 *
39.6204186, 107.0085109, 49.947, 3.807, -99.255
39.6254239, 107.0008605, 49.791, 2.677, -191.001 *
39.6245849, 107.0022976, 49.475, 3.579, -100.989 *
39.6195868, 107.0099528, 49.155, 3.005, -97.096
39.6265168, 106.9995890, 49.075, 2.729, -185.870 *
39.6237711, 107.0037522, 48.953, 3.571, -183.183 *
39.6270885, 106.9989713, 48.667, 2.724, -190.678 *
39.6229216, 107.0051840, 48.502, 1.756, -197.500 *
39.6262591, 107.0004173, 48.253, 2.719, -186.451 *
39.6187522, 107.0113949, 47.874, 2.165, -94.219
39.6220838, 107.0066249, 47.832, 1.144, -104.690 *
39.6254220, 107.0018592, 47.789, 3.553, -102.256 *
39.6182867, 107.0120835, 47.704, 1.579, -92.284
39.6279224, 106.9985359, 47.360, 2.709, -191.758 *
39.6245919, 107.0033075, 47.186, 3.942, -100.543
39.6212504, 107.0080712, 46.880, 3.539, -100.293 *
39.6270848, 106.9999802, 46.880, 2.703, -187.107 *
39.6207741, 107.0087525, 46.792, 3.610, -99.374
39.6232550, 107.0054173, 46.525, 1.137, -198.020 *
39.6237532, 107.0047518, 46.480, 2.698, -184.810 *
39.6257460, 107.0020896, 46.346, 3.806, -103.325 *
39.6262594, 107.0014351, 46.256, 3.384, -109.209 *
39.6282321, 106.9987581, 46.256, 2.696, -190.136 *
39.6279601, 106.9995915, 45.431, 1.782, -190.481 *
39.6254679, 107.0029184, 45.338, 3.746, -105.460 *
39.6229872, 107.0062539, 45.104, 1.413, -197.083 *
39.6270936, 107.0010214, 44.868, 2.679, -187.017 *
39.6204995, 107.0095843, 44.677, 3.336, -98.434
39.6245862, 107.0043372, 44.677, 3.360, -169.819 *
39.6287528, 106.9991516, 44.389, 1.774, -187.437 *
39.6220834, 107.0076567, 44.293, 1.408, -98.718 *
39.6262582, 107.0024783, 44.050, 3.351, -105.977 *
39.6273897, 107.0012536, 43.657, 2.664, -110.022 *
39.6279245, 107.0006166, 43.607, 1.767, -187.283 *
39.6237511, 107.0057960, 43.558, 1.767, -184.280 *
39.6195841, 107.0109802, 43.309, 2.939, -95.984
39.6180126, 107.0129171, 43.158, 1.757, -89.963
39.6254205, 107.0039384, 43.057, 3.336, -100.364 *
39.6249012, 107.0045879, 43.007, 2.629, -84.296 *
39.6271011, 107.0020910, 42.651, 2.625, -104.058 *
39.6212519, 107.0091225, 42.497, 3.114, -99.546
39.6287553, 107.0002222, 42.446, 1.758, -187.394 *
39.6229236, 107.0072691, 42.031, 1.216, -196.915 *
39.6224042, 107.0079189, 41.874, 2.616, -101.313 *
39.6245993, 107.0054196, 41.716, 1.752, -193.347 *
39.6262520, 107.0035506, 41.611, 3.174, -105.602 *
39.6289895, 107.0004210, 41.558, 1.213, -187.367 *
39.6279245, 107.0016988, 41.452, 1.750, -187.158 *
39.6264866, 107.0037566, 40.481, 3.037, -105.648 *
39.6242852, 107.0062506, 40.316, 1.206, -184.369 *
39.6287561, 107.0013237, 40.316, 1.206, -187.325 *
39.6270915, 107.0031822, 40.261, 2.596, -103.689 *
39.6254233, 107.0050373, 40.206, 3.033, -176.216 *
39.6220960, 107.0087557, 39.928, 2.592, -100.563 *
39.6204212, 107.0106049, 39.761, 3.318, -97.470
39.6283566, 107.0020847, 39.649, 1.202, -100.269 *
39.6187508, 107.0124582, 39.311, 2.640, -92.621
39.6198947, 107.0112507, 39.254, 2.784, -93.962
39.6295913, 107.0009614, 39.254, 1.200, -199.975 *
39.6262578, 107.0046769, 38.797, 3.041, -101.367 *
39.6239652, 107.0070876, 38.739, 1.197, -183.810 *
39.6280359, 107.0029247, 38.566, 1.196, -185.758 *
39.6245878, 107.0065323, 38.450, 1.196, -187.473 *
39.6299043, 107.0012605, 38.041, 1.193, -187.058 *
39.6258311, 107.0054209, 37.982, 2.469, -172.840 *
39.6287513, 107.0024598, 37.982, 1.193, -199.251 *
39.6229183, 107.0083891, 37.923, 1.193, -183.090 *
39.6217615, 107.0095845, 37.805, 3.027, -99.735 *
39.6270952, 107.0043313, 37.508, 2.201, -185.378 *
39.6170838, 107.0143164, 37.329, 0.301, -80.680
39.6295837, 107.0021152, 36.967, -0.261, -199.796 *
39.6254919, 107.0062591, 36.542, 2.191, -176.622 *
39.6279281, 107.0039919, 36.358, 1.184, -185.669 *
39.6273515, 107.0045924, 36.234, 2.188, -102.354 *
39.6237527, 107.0080507, 36.111, 1.183, -183.565 *
39.6292021, 107.0029168, 36.049, 1.182, -185.624 *
39.6304268, 107.0017903, 35.987, -0.490, -199.904 *
39.6262572, 107.0058563, 35.613, 2.996, -90.386 *
39.6214136, 107.0104203, 35.298, 3.041, -98.814
39.6195843, 107.0121178, 35.172, 3.531, -94.732
39.6232747, 107.0087571, 35.108, 2.176, -188.670 *
39.6251277, 107.0070852, 35.045, 1.177, -186.695 *
39.6288458, 107.0037544, 34.917, -0.487, -198.909 *
39.6220856, 107.0099223, 34.726, 3.181, -113.709 *
39.6270923, 107.0055364, 34.404, 2.169, -185.056 *
39.6295937, 107.0033412, 34.339, -0.729, -198.830 *
39.6284830, 107.0045972, 33.688, 1.169, -191.353 *
39.6266187, 107.0062571, 33.556, 2.161, -173.887 *
39.6304320, 107.0030348, 33.424, -0.725, -199.642 *
39.6247558, 107.0079188, 33.358, 1.168, -183.845 *
39.6254186, 107.0074136, 33.159, 1.167, -187.149 *
39.6229181, 107.0096105, 32.825, 2.154, -182.550 *
39.6299491, 107.0037508, 32.758, -0.723, -198.887 *
39.6210371, 107.0112521, 32.421, 3.546, -95.808
39.6280982, 107.0054286, 32.421, 1.163, -102.592 *
39.6287537, 107.0049156, 32.354, -0.722, -199.121 *
39.6262598, 107.0071232, 31.877, 1.160, -183.813 *
39.6243711, 107.0087577, 31.464, 1.157, -178.509 *
39.6295973, 107.0046340, 31.395, -0.719, -198.811 *
39.6191764, 107.0129204, 31.118, 2.676, -92.951
39.6277026, 107.0062626, 31.048, 2.271, -102.802 *
39.6310280, 107.0037603, 30.839, -0.717, -202.409 *
39.6225061, 107.0104244, 30.558, 3.120, -103.983 *
39.6258289, 107.0079197, 30.417, 1.152, -192.984 *
39.6291654, 107.0054329, 30.275, -0.477, -198.978 *
39.6312502, 107.0040504, 29.849, -0.714, -199.642 *
39.6245861, 107.0090353, 29.777, 1.149, -183.755 *
39.6279261, 107.0065536, 29.777, 2.258, -102.625 *
39.6212515, 107.0115242, 29.706, 4.173, -97.884
39.6306134, 107.0045884, 29.706, -0.713, -198.827 *
39.6272934, 107.0070973, 29.562, 2.256, -100.255 *
39.6239596, 107.0095875, 29.418, 1.147, -105.395 *
39.6179183, 107.0140148, 29.346, 1.752, -86.996
39.6206312, 107.0120854, 28.984, 4.373, -96.568
39.6287520, 107.0062718, 28.911, 1.082, -185.737 *
39.6254189, 107.0087648, 28.546, 1.080, -185.300 *
39.6301920, 107.0054236, 28.473, -0.709, -198.989 *
39.6316485, 107.0046010, 28.030, -0.708, -198.626 *
39.6268672, 107.0079305, 27.956, 1.077, -192.195 *
39.6220885, 107.0112637, 27.733, 3.081, -99.121 *
39.6283127, 107.0070946, 27.510, 2.235, -185.520 *
39.6304247, 107.0057599, 27.285, -0.706, -198.761 *
39.6297609, 107.0062643, 27.135, 1.073, -198.951 *
39.6235319, 107.0104262, 27.059, 2.231, -188.966 *
39.6249731, 107.0095875, 26.606, 1.071, -183.973 *
39.6312532, 107.0055025, 26.606, -0.704, -198.740 *
39.6173001, 107.0145835, 26.453, 0.286, -81.106
39.6270886, 107.0082597, 26.453, 2.225, -183.756 *
39.6264204, 107.0087593, 26.224, 1.069, -188.562 *
39.6293038, 107.0070880, 25.764, 2.219, -186.408 *
39.6279281, 107.0080280, 25.532, 3.052, -173.487 *
39.6307578, 107.0062726, 25.532, -0.701, -199.031 *
39.6187506, 107.0137630, 24.988, 2.765, -90.685
39.6237513, 107.0107709, 24.831, 2.272, -188.627 *
39.6201874, 107.0129214, 24.753, 3.480, -95.135
39.6216269, 107.0120843, 24.596, 4.010, -98.079 *
39.6230718, 107.0112564, 24.439, 2.268, -182.502 *
39.6259588, 107.0095962, 24.281, 1.060, -184.435 *
39.6273955, 107.0087546, 24.281, 2.266, -194.302 *
39.6288444, 107.0079336, 24.202, 2.266, -102.896 *
39.6302825, 107.0070942, 24.202, 1.060, -186.151 *
39.6317205, 107.0062548, 24.202, -0.697, -219.759 *
39.6245870, 107.0105494, 23.646, 1.058, -185.970 *
39.6304175, 107.0073281, 23.406, 1.057, -199.164 *
39.6297934, 107.0079185, 22.762, 2.253, -186.015 *
39.6312556, 107.0071216, 22.762, -0.693, -199.088 *
39.6283537, 107.0087566, 22.601, 3.124, -178.889 *
39.6269087, 107.0095852, 22.438, 1.053, -191.078 *
39.6254669, 107.0104202, 22.194, 1.052, -184.129 *
39.6320888, 107.0069118, 22.194, -0.691, -199.526 *
39.6240243, 107.0112544, 21.867, 1.050, -187.638 *
39.6321899, 107.0071039, 21.621, -0.690, -199.537 *
39.6225827, 107.0120920, 21.374, 2.241, -113.540 *
39.6307483, 107.0079420, 21.374, 1.048, -186.248 *
39.6292987, 107.0087655, 21.126, 2.238, -103.882 *
39.6270852, 107.0099243, 20.961, 2.237, -192.050 *
39.6211342, 107.0129183, 20.711, 4.042, -94.973
39.6264025, 107.0104224, 20.378, 1.044, -188.300 *
39.6316661, 107.0079172, 20.294, 1.044, -199.382 *
39.6279229, 107.0097408, 20.210, 3.717, -178.959 *
39.6302248, 107.0087638, 19.875, 2.228, -185.976 *
39.6249555, 107.0112570, 19.790, 1.042, -185.318 *
39.6196866, 107.0137512, 19.453, 3.450, -93.375
39.6287703, 107.0095854, 19.453, 2.225, -102.581 *
39.6325961, 107.0079385, 19.199, -0.684, -199.574 *
39.6235086, 107.0120970, 18.944, 2.221, -198.978 *
39.6273212, 107.0104223, 18.859, 2.220, -190.417 *
39.6311399, 107.0087613, 18.773, 1.039, -192.395 *
39.6212521, 107.0131718, 18.432, 4.359, -96.947 *
39.6296923, 107.0096084, 18.174, 2.215, -103.343 *
39.6258694, 107.0112597, 18.088, 1.036, -183.496 *
39.6312604, 107.0090392, 17.916, 1.035, -202.566 *
39.6282266, 107.0104193, 17.571, 2.210, -99.125 *
39.6320904, 107.0088653, 17.485, 1.034, -199.276 *
39.6220875, 107.0130103, 17.138, 2.207, -96.441 *
39.6305929, 107.0096046, 17.138, 2.207, -186.126 *
39.6244135, 107.0120974, 17.051, 1.033, -103.607 *
39.6329252, 107.0087072, 17.051, -0.679, -199.618 *
39.6329506, 107.0087707, 16.877, -0.678, -199.621 *
39.6267670, 107.0112538, 16.702, 1.031, -106.490 *
39.6182317, 107.0145841, 16.615, 1.667, -87.428
39.6291242, 107.0104208, 16.440, 2.202, -103.129 *
39.6314801, 107.0095852, 16.265, 1.030, -186.332 *
39.6205886, 107.0137519, 15.913, 3.475, -95.421
39.6229468, 107.0129245, 15.649, 1.028, -181.371 *
39.6253017, 107.0120882, 15.561, 1.028, -183.842 *
39.6276599, 107.0112609, 15.472, 2.196, -192.907 *
39.6300212, 107.0104425, 15.384, 2.195, -186.448 *
39.6323745, 107.0096016, 15.384, 1.027, -202.307 *
39.6332523, 107.0095873, 14.674, -0.674, -199.285 *
39.6308962, 107.0104209, 14.585, 2.190, -187.280 *
39.6285452, 107.0112698, 14.406, 2.189, -176.631 *
39.6261879, 107.0121005, 14.228, 1.024, -187.100 *
39.6238294, 107.0129283, 13.959, 1.023, -183.089 *
39.6317771, 107.0104314, 13.780, 1.023, -186.377 *
39.6214685, 107.0137503, 13.510, 2.184, -97.065 *
39.6294210, 107.0112693, 13.510, 2.184, -103.783 *
39.6262527, 107.0123025, 13.330, 1.021, -104.673 *
39.6326529, 107.0104415, 13.059, 1.021, -186.489 *
39.6270891, 107.0121899, 12.788, 2.180, -109.408 *
39.6302939, 107.0112763, 12.697, 2.179, -105.089 *
39.6247021, 107.0129314, 12.607, -0.670, -183.355 *
39.6279298, 107.0120978, 12.244, 2.177, -89.485 *
39.6191110, 107.0145895, 12.153, 2.176, -91.062
39.6311545, 107.0112548, 12.062, 1.705, -202.440 *
39.6223381, 107.0137567, 11.697, 1.017, -96.910 *
39.6255668, 107.0129304, 11.514, -0.668, -183.267 *
39.6287954, 107.0121042, 11.423, 1.702, -102.118 *
39.6320188, 107.0112583, 11.423, 1.016, -202.768 *
39.6328777, 107.0112527, 10.873, 1.015, -192.882 *
39.6296512, 107.0120872, 10.781, 1.700, -185.794 *
39.6264266, 107.0129300, 10.597, 1.015, -186.489 *
39.6329203, 107.0114257, 10.413, -0.667, -199.251 *
39.6231989, 107.0137614, 10.321, 1.014, -97.980 *
39.6305103, 107.0120954, 10.137, 1.697, -103.438 *
39.6272800, 107.0129191, 9.860, 1.696, -110.053 *
39.6199691, 107.0145865, 9.675, 2.230, -93.611
39.6313651, 107.0120971, 9.582, 1.012, -167.349 *
39.6240513, 107.0137532, 9.304, -0.665, -99.887 *
39.6281368, 107.0129369, 9.119, 1.854, -90.586 *
39.6322152, 107.0120867, 9.119, 1.012, -202.710 *
39.6330672, 107.0120943, 8.654, -0.664, -199.164 *
39.6289855, 107.0129293, 8.561, 1.692, -102.670 *
39.6249041, 107.0137660, 8.375, -0.664, -183.264 *
39.6208198, 107.0145892, 8.002, 2.060, -95.576
39.6298364, 107.0129434, 8.002, 1.691, -105.583 *
39.6257491, 107.0137532, 7.721, -0.663, -183.166 *
39.6306782, 107.0129172, 7.628, 1.690, -192.160 *
39.6315270, 107.0129382, 7.160, 1.008, -186.127 *
39.6265963, 107.0137656, 7.066, 1.008, -186.385 *
39.6216642, 107.0145842, 6.878, 1.008, -97.174 *
39.6323715, 107.0129425, 6.785, -0.662, -202.074 *
39.6274380, 107.0137545, 6.597, 1.687, -182.999 *
39.6332117, 107.0129248, 6.503, -0.662, -198.998 *
39.6282811, 107.0137615, 6.126, 1.686, -184.439 *
39.6225079, 107.0145946, 5.938, 1.007, -181.307 *
39.6291216, 107.0137584, 5.750, 1.685, -101.580 *
39.6299631, 107.0137698, 5.372, 1.684, -104.019 *
39.6233479, 107.0145937, 5.278, 1.006, -184.389 *
39.6308016, 107.0137638, 5.089, 1.006, -185.951 *
39.6316408, 107.0137686, 4.806, 1.005, -186.114 *
39.6241873, 107.0146002, 4.711, -0.661, -184.934 *
39.6324805, 107.0137843, 4.522, -0.661, -199.057 *
39.6250240, 107.0145894, 4.332, -0.660, -183.310 *
39.6333170, 107.0137735, 4.332, -0.660, -198.938 *
39.6258613, 107.0145930, 3.954, -0.660, -186.861 *
39.6266974, 107.0145879, 3.669, 1.004, -189.987 *
39.6275338, 107.0145935, 3.385, 1.004, -183.010 *
39.6283706, 107.0146100, 3.100, 1.681, -175.055 *
39.6292058, 107.0146087, 2.910, 1.681, -185.408 *
39.6300393, 107.0145841, 2.815, 1.004, -102.311 *
39.6308750, 107.0145954, 2.625, 1.004, -185.965 *
39.6317107, 107.0146139, 2.435, -0.660, -202.367 *
39.6325447, 107.0146037, 2.340, -0.660, -198.935 *
39.6333789, 107.0145972, 2.245, -0.659, -199.345 *
39.6175670, 107.0154199, 1.769, 1.506, -81.654
39.6184007, 107.0154188, 1.198, 1.415, -87.671
39.6192343, 107.0154178, 0.913, 1.061, -91.193
39.6200678, 107.0154185, 0.722, 0.797, -93.691 *
39.6209013, 107.0154265, 0.532, 0.578, -97.621 *
39.6217347, 107.0154290, 0.437, 0.577, -186.378 *
39.6225680, 107.0154208, 0.437, 0.577, -187.385 *
39.6234014, 107.0154287, 0.341, 0.577, -188.198 *
39.6242347, 107.0154223, 0.341, 0.577, -182.444 *
39.6250682, 107.0154356, 0.246, 0.577, -186.095 *
39.6259015, 107.0154309, 0.246, 0.577, -182.222 *
39.6267348, 107.0154263, 0.246, 0.577, -181.687 *
39.6275681, 107.0154217, 0.246, 0.577, -180.676 *
39.6284015, 107.0154170, 0.246, 1.103, -92.852
39.6292349, 107.0154411, 0.151, 0.995, -105.172
39.6300682, 107.0154383, 0.151, 0.577, -105.732 *
39.6309016, 107.0154354, 0.151, 0.577, -187.535 *
39.6317349, 107.0154326, 0.151, 0.577, -203.444 *
39.6325682, 107.0154297, 0.151, 0.577, -200.401 *
39.6334016, 107.0154269, 0.151, 0.577, -200.829 *
39.6333846, 107.0162570, 358.057, 0.578, -200.826 *
39.6325504, 107.0162561, 357.962, 0.578, -200.398 *
39.6317164, 107.0162517, 357.866, 0.578, -203.439 *
39.6308807, 107.0162759, 357.676, 0.578, -187.527 *
39.6300469, 107.0162625, 357.581, 0.578, -105.727 *
39.6292115, 107.0162741, 357.391, 0.578, -105.166 *
39.6283780, 107.0162517, 357.296, 0.797, -92.530 *
39.6275431, 107.0162508, 357.106, 0.578, -180.670 *
39.6267067, 107.0162658, 356.821, 0.578, -181.682 *
39.6258707, 107.0162700, 356.537, 0.578, -182.219 *
39.6250351, 107.0162635, 356.252, 0.578, -186.075 *
39.6241984, 107.0162639, 355.873, 0.579, -182.421 *
39.6333248, 107.0171191, 355.873, 0.579, -198.816 *
39.6324883, 107.0171123, 355.683, 0.579, -198.355 *
39.6233624, 107.0162500, 355.494, 0.579, -188.157 *
39.6316521, 107.0170983, 355.494, 0.579, -201.116 *
39.6308130, 107.0171090, 355.210, 0.579, -185.586 *
39.6299744, 107.0171088, 354.927, 0.579, -185.358 *
39.6225225, 107.0162641, 354.832, 0.579, -187.330 *
39.6291365, 107.0170979, 354.644, 0.579, -103.556 *
39.6282960, 107.0171025, 354.266, 0.580, -106.052 *
39.6216841, 107.0162529, 354.172, 0.580, -186.308 *
39.6274564, 107.0170928, 353.889, 0.580, -181.778 *
39.6332286, 107.0179327, 353.795, 0.580, -198.776 *
39.6323883, 107.0179208, 353.513, 0.580, -198.395 *
39.6266146, 107.0170913, 353.419, 0.580, -181.540 *
39.6208413, 107.0162585, 353.137, 0.580, -98.752 *
39.6315437, 107.0179310, 353.137, 0.580, -184.963 *
39.6257709, 107.0170927, 352.856, 0.581, -179.531 *
39.6307003, 107.0179269, 352.762, 0.581, -191.860 *
39.6298530, 107.0179377, 352.294, 0.581, -185.306 *
39.6249257, 107.0170914, 352.201, 0.581, -188.436 *
39.6199972, 107.0162503, 351.827, 0.582, -93.630 *
39.6290074, 107.0179305, 351.827, 0.582, -99.611 *
39.6330893, 107.0187660, 351.641, 0.582, -198.927 *
39.6240763, 107.0170991, 351.361, 0.582, -185.854 *
39.6281585, 107.0179308, 351.268, 0.582, -90.764 *
39.6322373, 107.0187796, 351.175, 0.582, -198.567 *
39.6313871, 107.0187753, 350.711, 0.583, -185.607 *
39.6273069, 107.0179332, 350.618, 0.583, -182.401 *
39.6232270, 107.0170896, 350.433, 0.583, -184.709 *
39.6305389, 107.0187530, 350.248, 0.583, -174.651 *
39.6264532, 107.0179322, 349.879, 0.584, -182.040 *
39.6191452, 107.0162523, 349.694, 0.806, -91.098 *
39.6296798, 107.0187693, 349.602, 0.584, -191.500 *
39.6329049, 107.0196113, 349.418, 0.584, -201.722 *
39.6223726, 107.0170841, 349.234, 0.584, -185.272 *
39.6255982, 107.0179223, 349.051, 0.585, -95.066 *
39.6288237, 107.0187605, 348.959, 0.585, -184.938 *
39.6320458, 107.0196118, 348.867, 0.585, -192.046 *
39.6311896, 107.0195909, 348.318, 0.586, -175.739 *
39.6279645, 107.0187509, 348.227, 0.586, -91.679 *
39.6247331, 107.0179335, 347.954, 0.586, -190.373 *
39.6215090, 107.0170886, 347.590, 0.587, -182.988 *
39.6303204, 107.0196063, 347.590, 0.587, -181.661 *
39.6279104, 107.0189435, 347.499, 0.587, -91.956 *
39.6326844, 107.0204267, 347.227, 0.587, -201.515 *
39.6270770, 107.0188241, 347.046, 0.588, -182.231 *
39.6294554, 107.0195930, 346.866, 0.588, -102.807 *
39.6238697, 107.0179177, 346.776, 0.588, -186.141 *
39.6318084, 107.0204433, 346.505, 0.588, -185.632 *
39.6262218, 107.0187690, 346.236, 0.589, -192.557 *
39.6333664, 107.0210419, 346.236, 0.589, -198.934 *
39.6182802, 107.0162534, 346.056, 1.444, -87.500
39.6285793, 107.0196009, 345.967, 0.589, -101.015 *
39.6309370, 107.0204311, 345.787, 0.590, -104.246 *
39.6332884, 107.0212796, 345.609, 0.590, -202.063 *
39.6206373, 107.0170847, 345.430, 0.590, -178.441 *
39.6229911, 107.0179248, 345.163, 0.591, -183.311 *
39.6253478, 107.0187558, 345.074, 0.591, -190.813 *
39.6277014, 107.0195959, 344.985, 0.591, -181.941 *
39.6300614, 107.0204180, 344.985, 0.591, -102.290 *
39.6324101, 107.0212718, 344.897, 0.591, -184.287 *
39.6315264, 107.0212653, 344.101, 0.592, -185.443 *
39.6291733, 107.0204235, 344.013, 0.593, -183.012 *
39.6268157, 107.0195934, 343.838, 0.593, -192.091 *
39.6229128, 107.0181398, 343.750, 0.593, -183.253 *
39.6244585, 107.0187617, 343.575, 0.593, -188.277 *
39.6329903, 107.0221016, 343.400, 0.594, -198.741 *
39.6306384, 107.0212546, 343.225, 0.594, -102.545 *
39.6282748, 107.0204360, 342.877, 0.595, -182.686 *
39.6329147, 107.0222925, 342.877, 0.595, -201.777 *
39.6220790, 107.0179841, 342.703, 0.595, -181.327 *
39.6259169, 107.0196007, 342.443, 0.596, -190.888 *
39.6320801, 107.0221330, 342.443, 0.596, -198.620 *
39.6197449, 107.0170901, 342.184, 0.596, -89.698 *
39.6297371, 107.0212597, 342.184, 0.596, -99.244 *
39.6235582, 107.0187637, 341.754, 0.597, -184.489 *
39.6273774, 107.0204234, 341.668, 0.597, -192.502 *
39.6311905, 107.0220971, 341.583, 0.597, -198.155 *
39.6326390, 107.0229400, 341.070, 0.598, -198.360 *
39.6288247, 107.0212690, 340.985, 0.599, -181.862 *
39.6250164, 107.0195844, 340.900, 0.599, -188.296 *
39.6211969, 107.0179242, 340.477, 0.600, -178.237 *
39.6302744, 107.0221037, 340.477, 0.600, -183.540 *
39.6287403, 107.0214526, 340.308, 0.600, -181.841 *
39.6264659, 107.0204184, 340.224, 0.600, -189.972 *
39.6317215, 107.0229406, 340.055, 0.601, -197.796 *
39.6279144, 107.0212501, 339.720, 0.601, -181.614 *
39.6226474, 107.0187519, 339.553, 0.602, -179.906 *
39.6293586, 107.0220881, 339.303, 0.602, -188.022 *
39.6308023, 107.0229250, 338.970, 0.603, -182.596 *
39.6240900, 107.0195915, 338.888, 0.603, -185.300 *
39.6322496, 107.0237534, 338.722, 0.604, -197.935 *
39.6255365, 107.0204205, 338.475, 0.604, -187.089 *
39.6173814, 107.0162507, 338.311, 1.575, -81.262
39.6269796, 107.0212551, 338.147, 0.605, -186.099 *
39.6284231, 107.0220879, 337.901, 0.605, -191.160 *
39.6195812, 107.0174342, 337.820, 1.019, -89.970
39.6320767, 107.0240842, 337.738, 0.606, -197.919 *
39.6298585, 107.0229350, 337.657, 0.606, -194.026 *
39.6254080, 107.0206620, 337.251, 0.607, -186.733 *
39.6312440, 107.0238729, 337.170, 0.607, -197.999 *
39.6202652, 107.0179184, 336.768, 0.608, -95.181 *
39.6217036, 107.0187576, 336.527, 0.609, -195.814 *
39.6231473, 107.0195872, 336.447, 0.609, -181.250 *
39.6245803, 107.0204357, 336.288, 0.609, -184.155 *
39.6260267, 107.0212606, 336.288, 0.609, -186.094 *
39.6274731, 107.0220856, 336.288, 0.609, -188.286 *
39.6289074, 107.0229317, 336.208, 0.609, -190.314 *
39.6303524, 107.0237591, 336.208, 0.609, -183.904 *
39.6317974, 107.0245866, 336.208, 0.609, -197.634 *
39.6287485, 107.0232006, 335.182, 0.612, -190.260 *
39.6187484, 107.0172141, 334.947, 1.617, -90.682
39.6308178, 107.0246040, 334.791, 0.613, -197.431 *
39.6293843, 107.0237566, 334.714, 0.613, -184.415 *
39.6264944, 107.0220979, 334.326, 0.614, -183.373 *
39.6279068, 107.0229795, 334.326, 0.614, -188.534 *
39.6250553, 107.0212587, 334.095, 0.615, -196.203 *
39.6229154, 107.0199696, 333.788, 0.616, -181.270 *
39.6236167, 107.0204179, 333.788, 0.616, -183.359 *
39.6320330, 107.0257987, 333.788, 0.616, -197.349 *
39.6312405, 107.0254902, 333.331, 0.617, -196.808 *
39.6298323, 107.0246016, 333.256, 0.617, -184.362 *
39.6283895, 107.0237649, 332.953, 0.618, -188.634 *
39.6269466, 107.0229272, 332.578, 0.619, -186.937 *
39.6262460, 107.0224774, 332.503, 0.619, -186.133 *
39.6207242, 107.0187559, 332.428, 0.619, -179.218 *
39.6317309, 107.0262532, 332.354, 0.619, -184.171 *
39.6220771, 107.0197263, 332.130, 0.620, -196.972 *
39.6302817, 107.0254221, 331.982, 0.620, -197.101 *
39.6295831, 107.0249688, 331.908, 0.621, -188.764 *
39.6240524, 107.0212580, 331.393, 0.622, -196.220 *
39.6254108, 107.0222200, 331.393, 0.622, -199.582 *
39.6287411, 107.0247167, 331.028, 0.623, -183.887 *
39.6192771, 107.0179201, 330.956, 1.716, -93.032
39.6273778, 107.0237612, 330.956, 0.623, -187.206 *
39.6307073, 107.0262581, 330.738, 0.624, -183.859 *
39.6226039, 107.0204198, 330.450, 0.625, -99.328 *
39.6259239, 107.0229284, 330.235, 0.625, -186.215 *
39.6292506, 107.0254279, 330.163, 0.626, -184.365 *
39.6311258, 107.0270869, 329.595, 0.627, -186.028 *
39.6277915, 107.0245969, 329.454, 0.628, -184.670 *
39.6244709, 107.0220891, 329.313, 0.628, -182.418 *
39.6304033, 107.0266610, 329.313, 0.628, -201.296 *
39.6270724, 107.0241660, 329.103, 0.629, -183.976 *
39.6211476, 107.0195848, 328.964, 0.629, -92.603 *
39.6237457, 107.0216653, 328.755, 0.630, -195.824 *
39.6295709, 107.0263724, 328.478, 0.630, -200.644 *
39.6281911, 107.0254319, 328.066, 0.632, -184.531 *
39.6262398, 107.0238748, 327.998, 0.632, -183.805 *
39.6204151, 107.0191678, 327.862, 0.632, -92.495 *
39.6300563, 107.0270940, 327.726, 0.632, -186.987 *
39.6248712, 107.0229185, 327.455, 0.633, -185.249 *
39.6178197, 107.0170839, 327.320, 2.231, -86.868
39.6229119, 107.0213703, 327.119, 0.634, -195.532 *
39.6267240, 107.0245936, 327.052, 0.634, -189.054 *
39.6285796, 107.0262645, 326.786, 0.635, -198.137 *
39.6304501, 107.0279176, 326.653, 0.636, -200.639 *
39.6279072, 107.0257702, 326.587, 0.636, -197.502 *
39.6304036, 107.0279714, 326.455, 0.636, -201.288 *
39.6215342, 107.0204198, 325.996, 0.638, -172.085 *
39.6233876, 107.0220915, 325.801, 0.638, -185.714 *
39.6252490, 107.0237541, 325.736, 0.638, -199.997 *
39.6289597, 107.0270931, 325.607, 0.639, -198.012 *
39.6270824, 107.0254481, 325.542, 0.639, -187.519 *
39.6245792, 107.0232549, 325.414, 0.639, -196.308 *
39.6195810, 107.0188592, 324.776, 2.043, -94.725
39.6287373, 107.0273367, 324.586, 0.642, -198.773 *
39.6293196, 107.0279321, 324.461, 0.642, -185.597 *
39.6305236, 107.0290806, 324.398, 0.642, -198.368 *
39.6262479, 107.0251270, 324.335, 0.643, -197.782 *
39.6274650, 107.0262613, 324.335, 0.643, -111.465 *
39.6304138, 107.0291968, 323.962, 0.644, -198.359 *
39.6237457, 107.0229300, 323.838, 0.644, -102.185 *
39.6218967, 107.0212526, 323.469, 0.645, -181.562 *
39.6278270, 107.0270855, 323.164, 0.646, -184.916 *
39.6254113, 107.0247967, 322.982, 0.647, -183.107 *
39.6295715, 107.0288707, 322.982, 0.647, -198.949 *
39.6212451, 107.0207291, 322.922, 1.585, -102.864 *
39.6259621, 107.0254226, 322.741, 0.647, -193.192 *
39.6170827, 107.0166580, 322.622, -0.739, -80.665
39.6200354, 107.0195865, 322.622, 1.867, -96.222
39.6300281, 107.0295909, 322.442, -1.781, -186.667 *
39.6270732, 107.0266640, 322.383, 1.589, -184.665 *
39.6240980, 107.0237572, 322.146, 1.591, -192.390 *
39.6229120, 107.0225905, 322.028, 1.591, -199.607 *
39.6281695, 107.0279192, 322.028, -1.784, -185.108 *
39.6262485, 107.0263053, 321.156, 1.598, -184.634 *
39.6284934, 107.0287612, 320.927, 1.600, -202.523 *
39.6279082, 107.0281698, 320.870, 1.600, -185.203 *
39.6295791, 107.0300234, 320.699, -1.795, -202.213 *
39.6187482, 107.0185176, 320.642, 1.940, -92.619
39.6244319, 107.0245886, 320.586, 1.602, -183.810 *
39.6266256, 107.0270909, 320.192, 1.605, -187.122 *
39.6220772, 107.0222348, 319.914, 1.607, -181.704 *
39.6237445, 107.0240906, 319.804, 1.608, -188.494 *
39.6254149, 107.0259438, 319.748, 1.609, -201.555 *
39.6287447, 107.0296600, 319.638, 1.609, -184.928 *
39.6203642, 107.0204202, 319.583, 2.448, -112.225
39.6225597, 107.0229191, 319.310, 1.612, -93.458 *
39.6269508, 107.0279168, 319.093, 1.613, -184.291 *
39.6291321, 107.0304282, 318.985, 1.614, -189.268 *
39.6279138, 107.0292838, 318.504, 1.618, -187.493 *
39.6262428, 107.0274306, 318.345, 1.619, -184.891 *
39.6245823, 107.0255683, 318.187, 1.620, -98.928 *
39.6250565, 107.0262565, 317.822, 1.623, -99.895 *
39.6228655, 107.0237532, 317.563, 1.625, -92.168 *
39.6287439, 107.0307606, 317.512, 1.625, -189.617 *
39.6212472, 107.0218549, 317.460, 1.929, -97.316 *
39.6270795, 107.0289003, 317.256, 1.627, -186.081 *
39.6275500, 107.0295899, 317.002, 1.629, -187.411 *
39.6195809, 107.0199958, 316.650, 2.328, -95.982
39.6253523, 107.0270904, 316.600, 1.632, -184.798 *
39.6237442, 107.0251829, 316.401, 1.634, -183.957 *
39.6278386, 107.0304252, 316.056, 1.636, -186.563 *
39.6262492, 107.0285022, 315.910, 1.637, -202.555 *
39.6184752, 107.0187508, 315.667, 2.845, -92.423
39.6220780, 107.0233209, 315.667, 1.945, -182.247 *
39.6287416, 107.0318305, 315.570, -1.838, -188.698 *
39.6245787, 107.0266420, 315.283, 1.642, -190.538 *
39.6270724, 107.0299683, 315.045, 1.644, -185.796 *
39.6209585, 107.0220847, 314.857, 2.424, -180.993 *
39.6179161, 107.0181321, 314.670, 2.854, -89.885
39.6234398, 107.0254196, 314.576, 1.647, -188.964 *
39.6204153, 107.0214532, 314.484, 3.028, -98.398
39.6229155, 107.0247736, 314.437, 1.648, -183.673 *
39.6259212, 107.0287543, 314.437, 1.648, -198.664 *
39.6254105, 107.0280982, 314.391, 1.649, -185.004 *
39.6279125, 107.0314176, 314.391, -1.848, -187.941 *
39.6284001, 107.0320912, 314.345, -1.848, -188.312 *
39.6261873, 107.0295907, 313.438, 1.656, -184.027 *
39.6237066, 107.0262553, 313.260, 1.657, -184.290 *
39.6270754, 107.0309999, 313.084, -1.859, -186.667 *
39.6212296, 107.0229170, 312.952, 2.955, -97.822
39.6245758, 107.0276773, 312.734, 1.661, -190.948 *
39.6279123, 107.0324446, 312.604, -1.863, -187.464 *
39.6254140, 107.0291197, 312.175, 1.665, -198.684 *
39.6220787, 107.0243520, 312.133, 2.340, -183.088 *
39.6187441, 107.0195841, 312.006, 2.895, -94.222
39.6262402, 107.0305690, 311.671, 1.669, -202.519 *
39.6267100, 107.0312547, 311.671, -1.870, -185.614 *
39.6229158, 107.0257933, 311.463, 1.670, -183.889 *
39.6242189, 107.0279216, 310.973, 1.674, -184.691 *
39.6237491, 107.0272358, 310.932, 1.674, -191.430 *
39.6269582, 107.0320889, 310.852, -1.877, -198.664 *
39.6195802, 107.0210250, 310.771, 2.548, -94.930
39.6254161, 107.0301179, 310.176, 1.679, -198.649 *
39.6272061, 107.0329195, 310.098, -1.883, -199.194 *
39.6204150, 107.0224648, 310.020, 3.293, -99.255
39.6244682, 107.0287512, 309.981, 1.681, -202.480 *
39.6262413, 107.0315635, 309.865, -1.885, -186.204 *
39.6217291, 107.0245838, 309.749, 2.364, -183.118 *
39.6270750, 107.0330032, 309.634, -1.887, -198.673 *
39.6212496, 107.0239037, 309.520, 3.079, -98.286 *
39.6229165, 107.0267818, 308.881, 1.689, -184.206 *
39.6237482, 107.0282215, 308.660, 1.690, -191.721 *
39.6245786, 107.0296618, 308.478, 1.691, -198.763 *
39.6219584, 107.0254194, 308.369, 2.378, -183.514 *
39.6254100, 107.0311015, 308.332, 1.692, -202.287 *
39.6262449, 107.0325389, 308.224, -1.898, -199.133 *
39.6251546, 107.0312530, 307.309, 1.700, -199.045 *
39.6192111, 107.0212514, 306.697, 3.430, -96.951
39.6262426, 107.0335032, 306.697, -1.910, -198.628 *
39.6245802, 107.0306247, 306.664, 1.704, -183.846 *
39.6237466, 107.0291869, 306.630, 1.704, -191.125 *
39.6229144, 107.0277483, 306.597, 1.705, -188.701 *
39.6220781, 107.0263121, 306.530, 1.705, -188.868 *
39.6253718, 107.0320864, 306.530, -1.911, -198.745 *
39.6212498, 107.0248714, 306.497, 3.153, -199.754 *
39.6265971, 107.0342575, 306.497, -1.911, -202.865 *
39.6204146, 107.0234345, 306.398, 3.445, -100.042
39.6187476, 107.0205588, 306.070, 3.077, -95.591
39.6179162, 107.0191197, 305.748, 3.268, -92.058
39.6262450, 107.0344522, 305.305, -1.921, -203.169 *
39.6254154, 107.0330115, 305.181, -1.921, -199.526 *
39.6226050, 107.0279188, 304.995, 1.715, -185.926 *
39.6245763, 107.0315758, 304.995, 1.715, -185.925 *
39.6170826, 107.0176816, 304.934, 0.966, -85.998
39.6237460, 107.0301353, 304.811, 0.217, -185.082 *
39.6194194, 107.0220847, 304.690, 3.657, -98.046
39.6259917, 107.0345870, 304.449, -1.927, -198.524 *
39.6220788, 107.0272571, 304.270, 2.417, -187.085 *
39.6228086, 107.0287504, 304.064, 2.419, -187.284 *
39.6212460, 107.0258171, 303.889, 2.421, -188.404 *
39.6254115, 107.0339518, 303.773, -1.932, -199.242 *
39.6245833, 107.0325087, 303.515, 0.218, -184.224 *
39.6204160, 107.0243750, 303.401, 3.572, -100.770
39.6237476, 107.0310690, 303.176, 0.218, -190.577 *
39.6229108, 107.0296292, 302.762, 2.431, -189.493 *
39.6195816, 107.0229344, 302.680, 3.770, -99.005
39.6254125, 107.0348796, 302.491, -1.941, -202.696 *
39.6220793, 107.0281861, 302.277, 2.436, -187.050 *
39.6245792, 107.0334368, 302.118, 0.219, -199.479 *
39.6237455, 107.0319934, 301.676, 0.219, -190.490 *
39.6212456, 107.0267429, 301.650, 2.441, -187.766 *
39.6187496, 107.0214909, 301.624, 3.308, -96.784
39.6229118, 107.0305490, 301.145, 2.446, -192.197 *
39.6235509, 107.0320838, 300.898, 0.220, -199.122 *
39.6204147, 107.0252969, 300.849, 3.456, -98.534 *
39.6245798, 107.0343536, 300.849, 0.220, -199.672 *
39.6220809, 107.0291019, 300.510, 2.451, -187.357 *
39.6237225, 107.0329176, 300.225, 0.220, -202.071 *
39.6179152, 107.0200454, 299.830, 3.548, -93.808
39.6195815, 107.0238496, 299.739, 3.811, -99.830
39.6212498, 107.0276530, 299.716, 2.458, -184.583 *
39.6229154, 107.0314577, 299.693, 2.458, -194.412 *
39.6245783, 107.0352638, 299.670, -1.961, -199.742 *
39.6237467, 107.0338129, 299.068, 0.221, -202.283 *
39.6201418, 107.0254170, 299.003, 2.890, -98.423 *
39.6220797, 107.0300085, 298.916, 2.465, -191.776 *
39.6242167, 107.0354172, 298.447, -1.969, -198.951 *
39.6229116, 107.0323614, 298.343, 2.469, -185.299 *
39.6187485, 107.0223983, 298.136, 3.488, -97.841
39.6212470, 107.0285552, 297.972, 2.472, -189.365 *
39.6203006, 107.0262502, 297.952, 2.473, -183.101 *
39.6237447, 107.0347128, 297.911, 0.222, -202.346 *
39.6220812, 107.0309054, 297.492, 2.476, -194.050 *
39.6195830, 107.0247481, 297.297, 3.714, -100.588
39.6212483, 107.0015262, 63.560, -0.219, -200.947 *
39.6170832, 107.0123819, 63.709, -1.378, -89.263
39.6220804, 106.9991762, 63.808, 1.720, -101.200
39.6229088, 106.9968251, 64.007, 2.891, -106.951
39.6237388, 106.9944746, 64.157, 2.715, -110.266 *
39.6179141, 107.0100320, 64.407, -0.021, -95.259 *
39.6187480, 107.0076836, 64.659, 0.857, -96.908 *
39.6195796, 107.0053342, 64.810, -0.021, -97.444 *
39.6204099, 107.0029844, 64.911, -3.137, -99.687 *
39.6212442, 107.0006360, 64.962, -0.021, -103.245 *
39.6220750, 106.9982863, 65.012, 2.105, -106.129
39.6229166, 106.9959406, 65.012, 2.802, -107.296 *
39.6202163, 107.0029145, 65.982, -3.146, -197.135 *
39.6229122, 106.9950561, 65.982, 2.810, -104.627 *
39.6220767, 106.9974043, 66.085, 2.561, -106.510
39.6212481, 106.9997549, 66.188, -0.021, -105.804 *
39.6195790, 107.0044521, 66.602, -3.152, -196.814 *
39.6203469, 107.0020805, 66.706, -3.152, -200.721 *
39.6229134, 106.9941776, 66.862, 2.816, -122.359 *
39.6187458, 107.0068014, 66.967, -0.022, -101.826 *
39.6220779, 106.9965264, 67.071, 2.850, -106.876
39.6212440, 106.9988760, 67.333, 0.863, -96.152 *
39.6179134, 107.0091513, 67.596, -0.022, -92.048 *
39.6204062, 107.0012246, 67.701, -1.979, -202.016 *
39.6220829, 106.9956536, 67.965, 2.759, -107.228 *
39.6195750, 107.0035758, 68.177, -3.164, -196.619 *
39.6212492, 106.9980045, 68.337, 0.808, -89.479
39.6220803, 106.9947817, 68.817, 2.477, -104.543 *
39.6187466, 107.0059288, 68.871, -0.022, -96.421 *
39.6204057, 107.0003530, 68.871, -1.985, -187.193 *
39.6170811, 107.0115025, 68.978, -1.589, -91.635
39.6212423, 106.9971328, 69.300, 1.627, -106.434
39.6195783, 107.0027075, 69.516, -4.371, -197.197 *
39.6220722, 106.9939112, 69.624, 1.595, -187.272 *
39.6204118, 106.9994873, 69.895, -0.280, -105.879 *
39.6210740, 106.9970831, 69.949, 1.868, -106.424
39.6179150, 107.0082824, 70.058, -0.280, -97.652 *
39.6211810, 106.9962491, 70.385, 1.598, -106.802 *
39.6187457, 107.0050622, 70.494, -1.993, -103.261 *
39.6195787, 107.0018427, 70.713, -4.382, -200.689 *
39.6204047, 106.9986213, 70.878, -0.281, -115.215 *
39.6212467, 106.9954043, 70.933, 1.600, -104.373 *
39.6214898, 106.9937476, 71.539, 1.602, -114.830 *
39.6204141, 106.9977627, 71.705, -0.281, -99.443 *
39.6212342, 106.9945399, 71.705, 1.772, -204.196 *
39.6195826, 107.0009825, 71.761, -3.190, -201.995 *
39.6187473, 107.0042012, 71.872, -3.191, -199.691 *
39.6179156, 107.0074208, 72.038, -0.282, -102.955 *
39.6212364, 106.9936816, 72.373, -0.282, -201.401 *
39.6170800, 107.0106395, 72.485, -1.598, -93.508
39.6204029, 106.9969012, 72.540, -0.422, -106.373
39.6195724, 107.0001217, 72.764, -3.197, -185.163 *
39.6187429, 107.0033426, 73.101, -4.404, -196.238 *
39.6204015, 106.9960445, 73.270, -0.694, -106.746 *
39.6195756, 106.9992669, 73.609, -2.005, -187.160 *
39.6179156, 107.0065644, 73.666, -0.695, -185.674 *
39.6204141, 106.9951930, 73.892, -0.695, -186.649 *
39.6187492, 107.0024897, 74.119, -4.412, -196.805 *
39.6195716, 106.9984126, 74.404, -2.008, -189.667 *
39.6162487, 107.0138601, 74.518, -1.637, -79.500
39.6204117, 106.9943396, 74.518, -0.696, -191.642 *
39.6170803, 107.0097856, 74.975, -1.716, -95.051
39.6179143, 107.0057116, 75.032, -0.907, -105.948 *
39.6187417, 107.0016362, 75.090, -2.830, -197.574 *
39.6195767, 106.9975623, 75.090, -0.907, -193.151 *
39.6204116, 106.9934883, 75.090, -0.907, -106.703 *
39.6195803, 106.9967131, 75.722, -0.908, -183.684 *
39.6187459, 107.0007873, 75.895, -2.834, -201.721 *
39.6179138, 107.0048621, 76.184, -0.909, -92.278 *
39.6195688, 106.9958624, 76.358, -2.015, -183.674 *
39.6187432, 106.9999389, 76.648, -2.837, -185.564 *
39.6170827, 107.0089374, 76.822, -1.805, -96.365
39.6195749, 106.9950163, 76.881, -1.251, -183.573 *
39.6179133, 107.0040150, 77.172, -2.839, -182.258 *
39.6187489, 106.9990935, 77.289, -2.017, -187.748 *
39.6195686, 106.9941690, 77.405, -1.252, -183.828 *
39.6195677, 106.9933238, 77.874, -2.019, -183.849 *
39.6187396, 106.9982466, 77.932, -2.019, -190.336 *
39.6179093, 107.0031691, 78.050, -2.843, -196.646 *
39.6170827, 107.0080922, 78.285, -1.520, -97.508
39.6187442, 106.9974034, 78.461, -2.021, -193.010 *
39.6179164, 107.0023266, 78.756, -2.845, -196.929 *
39.6187364, 106.9965590, 78.992, -2.022, -193.038 *
39.6187482, 106.9957185, 79.406, -2.023, -189.744 *
39.6170815, 107.0072491, 79.465, -1.130, -98.517
39.6179070, 107.0014827, 79.465, -2.848, -197.738 *
39.6162497, 107.0130146, 79.643, -1.100, -85.452
39.6187337, 106.9948748, 79.880, -1.899, -188.769 *
39.6179052, 107.0006410, 80.058, -2.849, -201.409 *
39.6187430, 106.9940352, 80.237, -1.900, -191.045 *
39.6170822, 107.0064082, 80.415, -0.957, -99.422
39.6179150, 106.9998019, 80.535, -2.851, -185.820 *
39.6187440, 106.9931950, 80.594, -1.901, -111.509 *
39.6179139, 106.9989619, 81.012, -2.852, -187.039 *
39.6170771, 107.0055677, 81.251, -0.811, -100.242
39.6179159, 106.9981229, 81.431, -2.853, -104.732 *
39.6179083, 106.9972833, 81.850, -2.854, -107.665 *
39.6170790, 107.0047292, 81.910, -1.176, -100.992 *
39.6179066, 106.9964449, 82.211, -2.855, -107.310 *
39.6162479, 107.0121749, 82.271, -0.227, -88.949
39.6170753, 107.0038908, 82.511, -2.856, -181.601 *
39.6179129, 106.9956078, 82.511, -2.856, -189.594 *
39.6179123, 106.9947703, 82.812, -2.857, -190.139 *
39.6170781, 107.0030538, 82.993, -2.857, -195.883 *
39.6179049, 106.9939324, 83.114, -2.857, -190.966 *
39.6179089, 106.9930960, 83.355, -1.905, -191.751 *
39.6170808, 107.0022172, 83.416, -2.858, -196.424 *
39.6162466, 107.0113378, 83.839, -0.182, -91.437
39.6170739, 107.0013801, 83.839, -2.859, -197.046 *
39.6170818, 107.0005447, 84.141, -2.859, -197.667 *
39.6170829, 106.9997090, 84.444, -2.860, -201.497 *
39.6170771, 106.9988730, 84.747, -2.860, -184.672 *
39.6162464, 107.0105020, 84.868, -0.553, -93.370
39.6170788, 106.9980377, 84.990, -2.860, -185.792 *
39.6170749, 106.9972023, 85.232, -2.861, -187.216 *
39.6170813, 106.9963677, 85.415, -2.861, -187.957 *
39.6162467, 107.0096669, 85.597, -0.829, -94.951 *
39.6170672, 106.9955319, 85.658, -2.861, -188.377 *
39.6172611, 106.9922060, 85.658, -1.908, -193.077 *
39.6170816, 106.9946981, 85.779, -2.861, -189.123 *
39.6170756, 106.9938630, 85.962, -1.908, -190.718 *
39.6162470, 107.0088323, 86.144, -1.908, -177.902 *
39.6170655, 106.9930279, 86.144, -1.908, -192.619 *
39.6170704, 106.9921937, 86.266, -2.862, -192.973 *
39.6162471, 107.0079980, 86.570, -1.908, -178.753 *
39.6162446, 107.0071637, 86.936, -1.908, -184.481 *
39.6162488, 107.0063299, 87.180, -1.908, -184.923 *
39.6162476, 107.0054959, 87.424, -1.908, -186.633 *
39.6162497, 107.0046622, 87.606, -1.909, -188.783 *
39.6162478, 107.0038283, 87.789, -2.863, -188.926 *
39.6162417, 107.0029944, 87.972, -2.863, -181.844 *
39.6162424, 107.0021608, 88.094, -2.863, -196.193 *
39.6162405, 107.0013271, 88.216, -2.863, -196.681 *
39.6162480, 107.0004937, 88.277, -2.863, -197.270 *
39.6162412, 106.9996600, 88.400, -2.863, -201.396 *
39.6162454, 106.9988265, 88.461, -2.863, -184.795 *
39.6162482, 106.9979931, 88.522, -2.863, -186.219 *
39.6162496, 106.9971596, 88.583, -2.863, -187.851 *
39.6162496, 106.9963261, 88.644, -2.863, -188.597 *
39.6162482, 106.9954926, 88.705, -2.863, -189.002 *
39.6162455, 106.9946590, 88.766, -2.863, -190.045 *
39.6162414, 106.9938255, 88.827, -2.863, -192.233 *
39.6162359, 106.9929919, 88.888, -2.863, -193.666 *
39.6162482, 106.9921587, 88.888, -2.863, -201.814 *
39.6154059, 106.9921529, 91.572, -2.862, -201.818 *
39.6154053, 106.9929865, 91.633, -2.862, -193.673 *
39.6154060, 106.9938200, 91.694, -2.862, -192.239 *
39.6154080, 106.9946536, 91.755, -2.862, -190.051 *
39.6154115, 106.9954871, 91.816, -2.862, -189.008 *
39.6154162, 106.9963207, 91.877, -2.862, -188.604 *
39.6154074, 106.9971545, 91.999, -2.861, -187.858 *
39.6154155, 106.9979880, 92.060, -2.861, -186.226 *
39.6154114, 106.9988217, 92.182, -2.861, -184.802 *
39.6154101, 106.9996555, 92.303, -2.861, -201.403 *
39.6154114, 107.0004893, 92.425, -2.861, -197.274 *
39.6154155, 107.0013230, 92.547, -2.861, -196.687 *
39.6154114, 107.0021570, 92.729, -2.861, -196.198 *
39.6154114, 107.0029909, 92.912, -2.860, -181.855 *
39.6154155, 107.0038248, 93.094, -2.860, -188.943 *
39.6154148, 107.0046590, 93.337, -2.860, -188.801 *
39.6154114, 107.0054934, 93.641, -2.859, -186.652 *
39.6154148, 107.0063277, 93.944, -2.859, -184.944 *
39.6154115, 107.0071625, 94.368, -2.858, -184.509 *
39.6145769, 106.9930117, 94.368, -2.858, -192.222 *
39.6145730, 106.9938467, 94.550, -2.857, -191.601 *
39.6145732, 106.9946817, 94.732, -2.857, -185.353 *
39.6154116, 107.0079975, 94.853, -2.857, -178.776 *
39.6145775, 106.9955166, 94.913, -2.857, -183.329 *
39.6145703, 106.9963523, 95.155, -2.856, -183.344 *
39.6145686, 106.9971878, 95.396, -2.856, -190.842 *
39.6154118, 107.0088328, 95.457, -1.904, -177.930 *
39.6145723, 106.9980232, 95.638, -2.855, -190.130 *
39.6145815, 106.9988585, 95.879, -2.854, -186.045 *
39.6154162, 107.0096684, 96.180, -0.017, -94.974
39.6145833, 106.9996945, 96.180, -2.854, -183.744 *
39.6145798, 107.0005312, 96.541, -2.853, -197.147 *
39.6145729, 107.0013685, 96.961, -2.852, -196.433 *
39.6137359, 106.9930687, 97.141, -2.851, -108.320 *
39.6154127, 107.0105055, 97.261, 1.313, -93.399
39.6145757, 107.0022056, 97.380, -2.850, -200.093 *
39.6137462, 106.9939051, 97.380, -2.850, -107.717 *
39.6137451, 106.9947429, 97.679, -2.849, -186.325 *
39.6145779, 107.0030431, 97.859, -2.849, -102.696 *
39.6137347, 106.9955819, 98.038, -2.848, -184.208 *
39.6137479, 106.9964191, 98.336, -2.847, -183.330 *
39.6145817, 107.0038811, 98.395, -2.847, -100.182 *
39.6154136, 107.0113436, 98.692, 1.095, -91.475
39.6137385, 106.9972590, 98.752, -2.846, -106.898 *
39.6145803, 107.0047204, 99.049, -2.845, -183.300 *
39.6137387, 106.9980984, 99.167, -2.845, -106.779 *
39.6137484, 106.9989374, 99.582, -2.843, -105.204 *
39.6145780, 107.0055609, 99.818, -2.842, -181.411 *
39.6129043, 106.9931564, 99.877, -2.842, -183.352 *
39.6137424, 106.9997789, 100.113, -2.841, -186.755 *
39.6129118, 106.9939965, 100.231, -2.841, -107.598 *
39.6137487, 107.0006197, 100.642, -2.839, -197.000 *
39.6129109, 106.9948383, 100.642, -2.839, -107.438 *
39.6145789, 107.0064022, 100.701, -2.839, -197.895 *
39.6154154, 107.0121839, 100.818, 1.366, -89.002
39.6129037, 106.9956818, 101.111, -2.837, -106.963 *
39.6137448, 107.0014628, 101.286, -2.836, -196.572 *
39.6129074, 106.9965245, 101.578, -2.835, -106.845 *
39.6145805, 107.0072450, 101.753, -2.834, -194.186 *
39.6137454, 107.0023065, 101.986, -2.833, -185.003 *
39.6129076, 106.9973687, 102.102, -2.833, -104.963 *
39.6120677, 106.9932765, 102.623, -2.830, -183.350 *
39.6129063, 106.9982141, 102.681, -2.830, -104.619 *
39.6137428, 107.0031522, 102.797, -2.829, -184.467 *
39.6145830, 107.0080898, 103.027, 0.766, -196.954 *
39.6120741, 106.9941216, 103.085, -2.828, -107.517 *
39.6129057, 106.9990607, 103.315, -2.827, -187.144 *
39.6120752, 106.9949686, 103.602, -2.825, -108.012 *
39.6137411, 107.0039995, 103.717, -2.825, -182.620 *
39.6129077, 106.9999082, 104.003, -2.823, -185.380 *
39.6120730, 106.9958173, 104.174, -2.822, -106.664 *
39.6154155, 107.0130294, 104.402, 2.074, -85.534
39.6145794, 107.0089387, 104.686, 1.283, -177.861 *
39.6137445, 107.0048480, 104.743, -2.819, -198.818 *
39.6129146, 107.0007564, 104.743, -2.819, -199.329 *
39.6120697, 106.9966677, 104.800, -2.819, -187.559 *
39.6112473, 106.9934258, 105.309, -2.816, -189.033 *
39.6120814, 106.9975166, 105.422, -2.816, -186.473 *
39.6129065, 107.0016094, 105.647, -2.814, -201.452 *
39.6137494, 107.0056988, 105.928, -2.813, -197.533 *
39.6112375, 106.9942804, 105.928, -2.813, -188.946 *
39.6120814, 106.9983696, 106.152, -2.811, -185.714 *
39.6112426, 106.9951334, 106.542, -2.809, -188.678 *
39.6129102, 107.0024625, 106.598, -2.809, -201.039 *
39.6145798, 107.0097914, 106.765, 1.277, -95.117 *
39.6120738, 106.9992263, 106.987, -2.806, -184.939 *
39.6112477, 106.9959882, 107.209, -2.805, -188.171 *
39.6137483, 107.0065543, 107.374, -2.804, -194.072 *
39.6129088, 107.0033195, 107.705, -2.802, -200.416 *
39.6120749, 107.0000835, 107.870, -2.801, -199.854 *
39.6112403, 106.9968479, 107.979, -2.800, -187.074 *
39.6104125, 106.9936106, 108.034, -2.800, -199.835 *
39.6104064, 106.9944725, 108.743, -2.795, -188.813 *
39.6112385, 106.9977087, 108.798, -2.795, -186.022 *
39.6120754, 107.0009437, 108.852, -2.794, -196.441 *
39.6129086, 107.0041797, 108.960, -2.794, -199.688 *
39.6137454, 107.0074149, 109.123, 1.270, -196.385 *
39.6145822, 107.0106503, 109.500, 1.269, -95.209 *
39.6104026, 106.9953362, 109.500, -2.790, -188.427 *
39.6112442, 106.9985702, 109.661, -2.789, -196.729 *
39.6120796, 107.0018062, 109.929, -2.787, -196.451 *
39.6104033, 106.9962013, 110.303, -2.784, -187.336 *
39.6129159, 107.0050422, 110.356, -2.784, -195.472 *
39.6112473, 106.9994355, 110.622, -2.782, -196.128 *
39.6095689, 106.9938319, 110.780, -2.781, -188.763 *
39.6102294, 106.9962501, 110.939, -2.780, -187.353 *
39.6120821, 107.0026730, 111.150, -2.778, -198.681 *
39.6137479, 107.0082804, 111.202, 1.264, -178.953 *
39.6103554, 106.9970835, 111.360, -2.777, -184.165 *
39.6154159, 107.0138874, 111.517, 4.232, -79.659
39.6095697, 106.9947015, 111.570, 3.062, -188.148 *
39.6112408, 107.0003073, 111.726, 3.061, -199.041 *
39.6129154, 107.0059123, 112.039, 3.059, -194.685 *
39.6104133, 106.9979382, 112.091, 3.058, -196.620 *
39.6095760, 106.9955726, 112.402, 3.055, -199.419 *
39.6120802, 107.0035460, 112.556, 3.054, -198.397 *
39.6112417, 107.0011812, 112.916, 3.051, -196.703 *
39.6104158, 106.9988128, 113.121, 3.049, -181.962 *
39.6095759, 106.9964491, 113.325, 3.047, -196.065 *
39.6145812, 107.0115212, 113.376, 3.047, -92.596 *
39.6087379, 106.9940849, 113.478, 3.046, -201.407 *
39.6137470, 107.0091556, 113.833, 3.043, -76.321 *
39.6110221, 107.0012527, 113.985, 3.042, -196.721 *
39.6129136, 107.0067900, 114.035, 3.041, -180.141 *
39.6120824, 107.0044237, 114.136, 3.040, -199.302 *
39.6104108, 106.9996945, 114.286, 3.039, -182.598 *
39.6095738, 106.9973303, 114.337, 3.038, -196.538 *
39.6087482, 106.9949624, 114.337, 3.038, -196.597 *
39.6111665, 107.0020864, 114.637, 3.036, -199.306 *
39.6087389, 106.9958506, 115.331, 3.029, -196.008 *
39.6095738, 106.9982156, 115.430, 3.028, -183.617 *
39.6104155, 107.0005782, 115.528, 3.027, -182.645 *
39.6112459, 107.0029450, 115.725, 3.026, -184.563 *
39.6120826, 107.0053097, 115.969, 3.023, -181.537 *
39.6087434, 106.9967389, 116.358, 3.020, -196.487 *
39.6129139, 107.0076767, 116.407, 3.019, -181.993 *
39.6095802, 106.9991040, 116.600, 3.017, -182.758 *
39.6104140, 107.0014706, 116.937, 3.014, -187.517 *
39.6137486, 107.0100431, 117.176, 3.012, -76.873 *
39.6079032, 106.9952693, 117.176, 3.012, -196.358 *
39.6112467, 107.0038382, 117.414, 3.009, -184.294 *
39.6087385, 106.9976361, 117.509, 3.008, -200.895 *
39.6117969, 107.0054191, 117.887, 3.005, -181.604 *
39.6095755, 107.0000029, 117.934, 3.004, -183.164 *
39.6079129, 106.9961649, 118.216, 3.001, -196.684 *
39.6104150, 107.0023696, 118.496, 2.998, -186.958 *
39.6087424, 106.9985362, 118.729, 2.996, -186.333 *
39.6119715, 107.0062511, 118.914, 2.994, -181.296 *
39.6076997, 106.9962527, 118.960, 2.994, -196.693 *
39.6145832, 107.0124116, 119.098, 2.992, -86.025 *
39.6129161, 107.0085759, 119.282, 2.990, -184.341 *
39.6112499, 107.0047400, 119.328, 2.990, -184.107 *
39.6095783, 107.0009064, 119.373, 2.989, -182.111 *
39.6078762, 106.9970861, 119.510, 2.988, -199.916 *
39.6070718, 106.9956115, 119.965, 2.983, -183.029 *
39.6087484, 106.9994427, 120.055, 2.982, -185.355 *
39.6104104, 107.0032806, 120.280, 2.980, -184.553 *
39.6120814, 107.0071149, 120.638, 2.976, -182.038 *
39.6079131, 106.9979831, 120.638, 2.976, -189.916 *
39.6095766, 107.0018210, 120.993, 2.972, -182.196 *
39.6070784, 106.9965247, 121.126, 2.971, -183.628 *
39.6084267, 106.9995875, 121.390, 2.968, -188.669 *
39.6112484, 107.0056561, 121.565, 2.966, -181.826 *
39.6137481, 107.0109521, 121.652, 2.965, -83.091 *
39.6079167, 106.9989026, 122.000, 2.961, -189.202 *
39.6086228, 107.0004195, 122.086, 2.960, -188.336 *
39.6104130, 107.0042002, 122.259, 2.959, -183.868 *
39.6070720, 106.9974518, 122.431, 2.957, -189.906 *
39.6062469, 106.9959924, 122.730, 2.953, -197.434 *
39.6095810, 107.0027439, 122.772, 2.953, -185.313 *
39.6129157, 107.0094955, 122.900, 2.951, -87.600 *
39.6087450, 107.0012903, 123.195, 2.948, -186.899 *
39.6079107, 106.9998365, 123.531, 2.944, -188.236 *
39.6120824, 107.0080410, 123.656, 2.943, -183.197 *
39.6070726, 106.9983852, 123.822, 2.941, -190.017 *
39.6062454, 106.9969286, 124.029, 2.939, -197.519 *
39.6112444, 107.0065898, 124.194, 2.937, -183.766 *
39.6104155, 107.0051345, 124.522, 2.933, -182.286 *
39.6092318, 107.0029205, 124.563, 2.933, -185.290 *
39.6127407, 107.0095847, 124.806, 2.930, -86.259 *
39.6087474, 107.0022300, 125.008, 2.928, -185.018 *
39.6059416, 106.9970877, 125.089, 2.927, -197.537 *
39.6079155, 107.0007769, 125.169, 2.926, -188.662 *
39.6070763, 106.9993279, 125.329, 2.924, -189.541 *
39.6094542, 107.0037502, 125.489, 2.922, -183.874 *
39.6061645, 106.9979185, 125.727, 2.919, -197.521 *
39.6054129, 106.9973802, 126.935, 2.905, -196.282 *
39.6070821, 107.0002822, 126.973, 2.905, -183.141 *
39.6062420, 106.9988343, 126.973, 2.905, -182.568 *
39.6079138, 107.0017348, 127.011, 2.904, -186.626 *
39.6087473, 107.0031865, 127.050, 2.904, -199.163 *
39.6095825, 107.0046373, 127.088, 2.903, -195.889 *
39.6104137, 107.0060903, 127.164, 2.902, -198.677 *
39.6112485, 107.0075413, 127.240, 2.901, -182.506 *
39.6120829, 107.0089927, 127.354, 2.900, -196.921 *
39.6129164, 107.0104446, 127.543, 2.898, -177.552 *
39.6137499, 107.0118967, 127.885, 2.894, -94.082 *
39.6068522, 107.0004169, 127.931, 2.893, -188.332 *
39.6054118, 106.9983550, 128.472, 2.887, -196.446 *
39.6062443, 106.9998084, 128.639, 2.885, -188.541 *
39.6145832, 107.0133495, 128.687, 2.884, -86.214 *
39.6070786, 107.0012608, 128.832, 2.883, -187.504 *
39.6101490, 107.0062507, 128.953, 2.881, -181.418 *
39.6079164, 107.0027114, 129.050, 2.880, -185.603 *
39.6087458, 107.0041676, 129.370, 2.876, -196.156 *
39.6095811, 107.0056205, 129.743, 2.872, -181.889 *
39.6045788, 106.9978929, 129.869, 2.871, -197.555 *
39.6045358, 106.9979209, 130.021, 2.869, -197.558 *
39.6054121, 106.9993477, 130.148, 2.867, -196.546 *
39.6104013, 107.0070841, 130.353, 2.865, -197.956 *
39.6062451, 107.0008034, 130.482, 2.863, -183.151 *
39.6075983, 107.0029183, 130.611, 2.862, -185.674 *
39.6070809, 107.0022578, 130.872, 2.859, -186.789 *
39.6112475, 107.0085318, 130.978, 2.857, -182.837 *
39.6050582, 106.9995862, 131.510, 2.851, -199.671 *
39.6045794, 106.9989001, 131.537, 2.851, -196.058 *
39.6078613, 107.0037516, 131.645, 2.849, -183.133 *
39.6087475, 107.0051738, 131.999, 2.845, -195.767 *
39.6120813, 107.0099897, 132.054, 2.845, -178.655 *
39.6053267, 107.0004197, 132.330, 2.841, -196.529 *
39.6062443, 107.0018205, 132.525, 2.839, -183.079 *
39.6095794, 107.0066357, 132.834, 2.835, -195.144 *
39.6037429, 106.9984670, 132.834, 2.835, -201.262 *
39.6134685, 107.0120834, 132.863, 2.835, -180.263 *
39.6070786, 107.0032821, 133.176, 2.831, -185.200 *
39.6045831, 106.9999250, 133.348, 2.829, -195.767 *
39.6109386, 107.0087514, 133.725, 2.824, -182.852 *
39.6129160, 107.0114513, 133.842, 2.823, -176.441 *
39.6104134, 107.0080996, 133.960, 2.821, -180.837 *
39.6084126, 107.0054173, 133.989, 2.821, -182.474 *
39.6079133, 107.0047461, 133.989, 2.821, -183.721 *
39.6054099, 107.0013954, 134.019, 2.821, -196.241 *
39.6058831, 107.0020863, 134.137, 2.819, -187.608 *
39.6037431, 106.9995106, 134.645, 2.813, -195.229 *
39.6036458, 106.9995861, 135.009, 2.809, -195.233 *
39.6061734, 107.0029185, 135.131, 2.807, -186.731 *
39.6087001, 107.0062519, 135.347, 2.805, -195.574 *
39.6045770, 107.0009817, 135.378, 2.804, -195.682 *
39.6070805, 107.0043339, 135.751, 2.800, -184.830 *
39.6112286, 107.0095844, 135.782, 2.799, -182.708 *
39.6054118, 107.0024565, 136.256, 2.793, -196.139 *
39.6095825, 107.0076889, 136.447, 2.791, -195.061 *
39.6037487, 107.0005757, 136.608, 2.789, -195.183 *
39.6042379, 107.0012563, 136.769, 2.787, -197.234 *
39.6079117, 107.0058150, 136.996, 2.784, -182.723 *
39.6062487, 107.0039355, 137.324, 2.780, -185.672 *
39.6067726, 107.0045876, 137.390, 2.779, -184.908 *
39.6137494, 107.0129257, 137.489, 2.778, -172.790 *
39.6045480, 107.0020888, 137.722, 2.775, -195.605 *
39.6029083, 107.0001903, 137.788, 2.775, -200.265 *
39.6120812, 107.0110515, 138.192, 2.770, -177.871 *
39.6104141, 107.0091768, 138.463, 2.766, -183.344 *
39.6093120, 107.0079189, 138.498, 2.766, -181.877 *
39.6087483, 107.0073012, 138.600, 2.764, -182.657 *
39.6070795, 107.0054284, 138.703, 2.763, -183.003 *
39.6048663, 107.0029209, 138.737, 2.763, -181.862 *
39.6037462, 107.0016792, 138.806, 2.762, -195.281 *
39.6026411, 107.0004242, 138.806, 2.762, -201.532 *
39.6051944, 107.0037518, 139.821, 2.749, -198.927 *
39.6029136, 107.0013063, 139.927, 2.748, -200.651 *
39.6074140, 107.0062541, 140.034, 2.747, -182.154 *
39.6045769, 107.0031843, 140.070, 2.746, -195.821 *
39.6062494, 107.0050540, 140.213, 2.745, -185.699 *
39.6032989, 107.0020913, 140.683, 2.739, -196.955 *
39.6095832, 107.0088049, 140.829, 2.737, -181.067 *
39.6020778, 107.0009459, 140.975, 2.735, -185.819 *
39.6118644, 107.0112504, 141.049, 2.734, -178.037 *
39.6112496, 107.0106822, 141.492, 2.729, -178.589 *
39.6077549, 107.0070846, 141.530, 2.728, -182.033 *
39.6054127, 107.0046985, 141.604, 2.727, -200.169 *
39.6036478, 107.0029173, 141.679, 2.727, -195.359 *
39.6070829, 107.0065738, 142.092, 2.722, -182.869 *
39.6017624, 107.0012562, 142.206, 2.720, -185.872 *
39.6058728, 107.0054200, 142.282, 2.719, -185.805 *
39.6029141, 107.0024687, 142.320, 2.719, -199.947 *
39.6099823, 107.0095852, 142.472, 2.717, -183.590 *
39.6039977, 107.0037509, 142.779, 2.713, -196.685 *
39.6087496, 107.0084548, 142.856, 2.712, -181.659 *
39.6129156, 107.0125629, 142.972, 2.711, -181.097 *
39.6020805, 107.0021273, 143.322, 2.707, -184.171 *
39.6140928, 107.0137503, 143.517, 4.325, -101.510
39.6062278, 107.0062550, 143.675, 2.702, -181.617 *
39.6043511, 107.0045914, 143.991, 2.698, -196.003 *
39.6037431, 107.0040181, 143.991, 2.698, -196.531 *
39.6024816, 107.0029206, 144.190, 2.696, -200.008 *
39.6079122, 107.0081256, 144.631, 2.691, -181.920 *
39.6054111, 107.0059082, 144.874, 2.688, -185.414 *
39.6103442, 107.0104195, 144.914, 2.687, -179.169 *
39.6084715, 107.0087531, 145.077, 2.685, -181.775 *
39.6066012, 107.0070841, 145.159, 2.684, -181.698 *
39.6028543, 107.0037534, 145.281, 2.683, -196.377 *
39.6020748, 107.0033753, 145.983, 2.674, -182.982 *
39.6045812, 107.0055858, 146.025, 2.674, -196.359 *
39.6095828, 107.0100205, 146.318, 2.670, -181.477 *
39.6032382, 107.0045853, 146.444, 2.669, -196.524 *
39.6051087, 107.0062545, 146.613, 2.667, -184.297 *
39.6120822, 107.0122401, 146.782, 2.665, -177.116 *
39.6069835, 107.0079191, 146.824, 2.664, -195.751 *
39.6012402, 107.0030670, 146.867, 2.664, -187.419 *
39.6017549, 107.0037552, 147.422, 2.657, -183.858 *
39.6062498, 107.0074953, 147.465, 2.657, -181.487 *
39.6036267, 107.0054250, 147.725, 2.654, -195.836 *
39.6107299, 107.0112540, 147.768, 2.653, -180.257 *
39.6029116, 107.0049815, 148.072, 2.650, -196.467 *
39.6087477, 107.0097203, 148.159, 2.649, -184.388 *
39.6073850, 107.0087505, 148.643, 2.643, -186.326 *
39.6054126, 107.0072051, 148.687, 2.643, -182.879 *
39.6020800, 107.0046882, 148.953, 2.640, -200.549 *
39.6126087, 107.0129180, 148.997, 2.639, -175.697 *
39.6040389, 107.0062509, 149.042, 2.639, -185.273 *
39.6006935, 107.0037512, 149.265, 5.322, -183.265 *
39.6092635, 107.0104181, 149.534, 5.316, -181.887 *
39.6059181, 107.0079190, 149.714, 5.312, -183.020 *
39.6025727, 107.0054203, 149.804, 5.309, -195.805 *
39.6011054, 107.0045963, 150.441, 5.295, -188.938 *
39.6044534, 107.0070914, 150.533, 5.293, -187.209 *
39.6004128, 107.0041290, 150.533, 5.293, -199.702 *
39.6077997, 107.0095894, 150.717, 5.289, -184.652 *
39.6037486, 107.0066412, 150.717, 5.289, -196.372 *
39.6070791, 107.0091616, 151.086, 5.280, -198.543 *
39.6111480, 107.0120850, 151.132, 5.279, -191.994 *
39.6029157, 107.0063732, 151.598, 5.269, -195.869 *
39.6015395, 107.0054273, 151.645, 5.268, -184.110 *
39.6104165, 107.0116743, 151.833, 5.264, -195.855 *
39.6000913, 107.0045865, 152.021, 5.259, -196.498 *
39.6048893, 107.0079240, 152.116, 5.257, -184.604 *
39.6062476, 107.0088963, 152.257, 5.254, -199.246 *
39.6034421, 107.0070839, 152.542, 5.248, -196.392 *
39.6019880, 107.0062558, 152.925, 5.240, -200.665 *
39.6082397, 107.0104239, 153.020, 5.238, -183.541 *
39.6012466, 107.0058644, 153.165, 5.234, -189.455 *
39.6067901, 107.0095910, 153.503, 5.227, -198.628 *
39.6144973, 107.0145836, 153.648, 6.877, -81.170
39.6095820, 107.0114233, 153.648, 5.885, -197.563 *
39.6053427, 107.0087558, 153.842, 5.880, -183.029 *
39.6004151, 107.0056154, 153.842, 5.880, -196.794 *
39.6038981, 107.0079172, 154.086, 5.874, -187.573 *
39.6024448, 107.0070931, 154.331, 5.868, -196.128 *
39.6010011, 107.0062540, 154.479, 5.865, -189.511 *
39.6130497, 107.0137505, 154.874, 5.856, -88.446 *
39.6037443, 107.0081698, 155.122, 5.850, -200.204 *
39.6116032, 107.0129170, 155.271, 5.846, -177.863 *
39.6101567, 107.0120837, 155.471, 5.842, -192.997 *
39.6087076, 107.0112550, 155.621, 5.838, -180.542 *
39.6072637, 107.0104176, 155.671, 5.837, -184.489 *
39.6058120, 107.0095935, 155.772, 5.835, -182.847 *
39.6043706, 107.0087518, 155.772, 5.835, -183.546 *
39.6029139, 107.0079367, 155.872, 5.833, -196.134 *
39.6014708, 107.0070980, 155.872, 5.833, -185.848 *
39.6000277, 107.0062593, 155.872, 5.833, -183.891 *
39.6005192, 107.0070920, 157.193, 5.803, -189.929 *
39.6019683, 107.0079208, 157.296, 5.801, -183.396 *
39.6034138, 107.0087568, 157.450, 5.797, -184.199 *
39.6070818, 107.0107453, 157.502, 5.796, -183.593 *
39.6048643, 107.0095837, 157.605, 5.794, -186.087 *
39.6004145, 107.0072891, 157.812, 5.790, -190.001 *
39.6077577, 107.0112534, 158.175, 5.782, -182.304 *
39.5995775, 107.0070918, 158.384, 5.777, -196.701 *
39.6062450, 107.0105465, 158.488, 5.775, -184.552 *
39.6010289, 107.0079193, 158.593, 5.773, -189.504 *
39.6092053, 107.0120883, 158.645, 5.772, -196.656 *
39.6024724, 107.0087638, 158.907, 5.766, -196.341 *
39.6129158, 107.0139958, 158.960, 5.765, -89.149 *
39.6039259, 107.0095896, 159.223, 5.760, -183.433 *
39.6106567, 107.0129180, 159.329, 5.758, -179.302 *
39.6053781, 107.0104197, 159.647, 5.751, -199.398 *
39.6000995, 107.0079219, 159.753, 5.749, -190.587 *
39.6015520, 107.0087544, 160.125, 5.742, -187.699 *
39.6068293, 107.0112548, 160.232, 5.740, -183.709 *
39.6030027, 107.0095936, 160.607, 5.732, -186.650 *
39.5991833, 107.0079176, 160.768, 5.729, -196.857 *
39.6082832, 107.0120891, 161.038, 5.724, -197.474 *
39.6044625, 107.0104167, 161.146, 5.722, -182.012 *
39.6006341, 107.0087621, 161.254, 5.720, -189.703 *
39.6120829, 107.0138096, 161.308, 5.719, -97.116 *
39.6029113, 107.0098004, 161.362, 5.718, -183.932 *
39.6059190, 107.0112532, 161.906, 5.708, -184.454 *
39.6020794, 107.0096252, 161.906, 5.708, -187.736 *
39.6097436, 107.0129171, 162.179, 5.703, -179.966 *
39.5997289, 107.0087613, 162.233, 5.702, -190.750 *
39.6035560, 107.0104200, 162.453, 5.698, -181.997 *
39.6011928, 107.0095910, 162.837, 5.691, -189.933 *
39.6073781, 107.0120932, 162.947, 5.689, -180.646 *
39.5988307, 107.0087611, 163.113, 5.686, -197.787 *
39.6050184, 107.0112580, 163.334, 5.682, -184.707 *
39.6135674, 107.0145860, 163.445, 5.680, -87.499 *
39.6026563, 107.0104309, 163.611, 5.677, -186.955 *
39.5987452, 107.0089852, 163.722, 5.675, -197.326 *
39.6002979, 107.0095948, 163.778, 5.675, -190.529 *
39.6112081, 107.0137526, 164.112, 5.669, -184.514 *
39.6088490, 107.0129197, 164.336, 5.665, -180.071 *
39.6064899, 107.0120869, 164.448, 5.663, -183.330 *
39.6041319, 107.0112513, 164.504, 5.663, -182.536 *
39.6017719, 107.0104215, 164.560, 5.662, -188.707 *
39.5994098, 107.0095975, 164.616, 5.661, -196.981 *
39.5985300, 107.0095919, 165.347, 5.649, -197.423 *
39.6008866, 107.0104324, 165.460, 5.647, -190.808 *
39.6032471, 107.0112614, 165.573, 5.646, -186.311 *
39.6056074, 107.0120915, 165.743, 5.643, -184.653 *
39.6079672, 107.0129239, 166.026, 5.639, -181.258 *
39.6000139, 107.0104208, 166.197, 5.636, -191.145 *
39.6023709, 107.0112646, 166.481, 5.632, -187.734 *
39.6103281, 107.0137549, 166.538, 5.631, -181.694 *
39.6047333, 107.0120931, 166.824, 5.627, -186.062 *
39.5991427, 107.0104177, 166.881, 5.627, -197.095 *
39.6079153, 107.0130926, 166.995, 5.625, -195.157 *
39.6015050, 107.0112500, 167.225, 5.622, -189.894 *
39.6070814, 107.0129752, 167.627, 5.616, -181.548 *
39.6038656, 107.0120925, 167.742, 5.615, -186.823 *
39.6126909, 107.0145855, 167.799, 5.614, -105.845 *
39.6006346, 107.0112650, 167.972, 5.612, -191.231 *
39.6094602, 107.0137580, 168.319, 5.607, -180.572 *
39.6062330, 107.0129185, 168.434, 5.606, -185.180 *
39.6030015, 107.0120955, 168.550, 5.605, -187.926 *
39.5997710, 107.0112685, 168.608, 5.604, -184.761 *
39.5989151, 107.0112535, 169.130, 5.598, -197.332 *
39.6021420, 107.0120951, 169.247, 5.596, -189.159 *
39.6053730, 107.0129201, 169.363, 5.595, -186.496 *
39.6086014, 107.0137569, 169.654, 5.592, -180.636 *
39.6012879, 107.0120841, 169.829, 5.590, -190.637 *
39.6045154, 107.0129288, 170.180, 5.586, -187.284 *
39.6118328, 107.0145836, 170.297, 5.585, -176.869 *
39.6012496, 107.0122553, 170.356, 5.584, -190.585 *
39.6004140, 107.0121767, 170.649, 5.581, -190.726 *
39.6077480, 107.0137551, 170.708, 5.580, -182.205 *
39.6036645, 107.0129214, 170.825, 5.579, -187.570 *
39.5995810, 107.0120879, 170.884, 5.579, -197.492 *
39.5987467, 107.0120078, 171.119, 5.576, -198.036 *
39.5987289, 107.0120980, 171.354, 5.574, -198.038 *
39.6028143, 107.0129219, 171.413, 5.573, -188.922 *
39.6068973, 107.0137588, 171.590, 5.572, -184.147 *
39.6019654, 107.0129268, 171.944, 5.568, -189.928 *
39.6109818, 107.0145896, 172.003, 5.568, -184.880 *
39.6060504, 107.0137577, 172.299, 5.565, -185.908 *
39.6011181, 107.0129326, 172.418, 5.564, -190.629 *
39.6002727, 107.0129359, 172.832, 5.561, -190.903 *
39.6052059, 107.0137555, 172.892, 5.561, -187.048 *
39.6101376, 107.0145852, 173.129, 5.559, -179.810 *
39.5994294, 107.0129332, 173.189, 5.558, -184.772 *
39.6043618, 107.0137607, 173.426, 5.557, -187.772 *
39.5985885, 107.0129211, 173.486, 5.556, -183.276 *
39.6035210, 107.0137533, 173.843, 5.554, -188.939 *
39.6092950, 107.0145887, 174.022, 5.552, -184.047 *
39.6026790, 107.0137617, 174.260, 5.551, -190.354 *
39.6018385, 107.0137673, 174.618, 5.549, -190.686 *
39.6084553, 107.0145864, 174.678, 5.548, -181.571 *
39.6009995, 107.0137664, 174.917, 5.547, -184.742 *
39.6001621, 107.0137557, 175.156, 5.546, -183.867 *
39.6076165, 107.0145867, 175.216, 5.545, -184.183 *
39.5993242, 107.0137541, 175.396, 5.544, -185.366 *
39.5984859, 107.0137616, 175.635, 5.543, -186.458 *
39.6067779, 107.0145953, 175.695, 5.543, -186.146 *
39.6059410, 107.0145951, 176.055, 5.541, -186.968 *
39.6051048, 107.0145939, 176.355, 5.540, -187.759 *
39.6042692, 107.0145884, 176.595, 5.539, -188.608 *
39.6034334, 107.0145919, 176.835, 5.538, -189.704 *
39.6025984, 107.0145865, 177.015, 5.537, -190.978 *
39.6017632, 107.0145878, 177.196, 5.537, -191.155 *
39.6009278, 107.0145960, 177.376, 5.536, -184.803 *
39.6000935, 107.0145896, 177.496, 5.536, -197.697 *
39.5992590, 107.0145877, 177.617, 5.536, -201.039 *
39.5984244, 107.0145903, 177.737, 5.535, -185.429 *
39.6142364, 107.0154172, 178.158, 8.651, -81.705
39.6134026, 107.0154199, 178.820, 7.712, -87.765 *
39.6125690, 107.0154204, 179.121, 7.712, -105.197 *
39.6117355, 107.0154208, 179.302, 7.711, -177.019 *
39.6109021, 107.0154213, 179.423, 7.711, -178.666 *
39.6100687, 107.0154184, 179.483, 7.711, -186.275 *
39.6092354, 107.0154177, 179.543, 7.711, -186.019 *
39.6084020, 107.0154193, 179.603, 7.711, -181.650 *
39.6075686, 107.0154232, 179.664, 7.711, -182.639 *
39.6067353, 107.0154168, 179.664, 7.711, -184.196 *
39.6059019, 107.0154241, 179.724, 7.711, -185.552 *
39.6050686, 107.0154189, 179.724, 7.711, -186.256 *
39.6042352, 107.0154296, 179.784, 7.711, -187.150 *
39.6034018, 107.0154256, 179.784, 7.711, -188.361 *
39.6025685, 107.0154215, 179.784, 7.711, -189.832 *
39.6017352, 107.0154174, 179.784, 7.711, -184.684 *
39.6009018, 107.0154338, 179.844, 7.711, -184.024 *
39.6000684, 107.0154309, 179.844, 7.711, -200.900 *
39.5992351, 107.0154279, 179.844, 7.711, -200.705 *
39.5984018, 107.0154250, 179.844, 7.711, -184.693 *
39.5984186, 107.0162601, 181.952, 7.714, -184.689 *
39.5992532, 107.0162686, 182.073, 7.714, -200.702 *
39.6000866, 107.0162511, 182.133, 7.715, -200.897 *
39.6009210, 107.0162517, 182.253, 7.715, -184.020 *
39.6017563, 107.0162669, 182.434, 7.716, -184.678 *
39.6025904, 107.0162573, 182.554, 7.716, -189.823 *
39.6034253, 107.0162600, 182.734, 7.717, -188.351 *
39.6042601, 107.0162560, 182.914, 7.718, -187.139 *
39.6050956, 107.0162597, 183.155, 7.719, -186.244 *
39.6059308, 107.0162544, 183.395, 7.720, -185.537 *
39.6067667, 107.0162524, 183.695, 7.722, -184.178 *
39.6076030, 107.0162503, 184.055, 7.724, -182.619 *
39.5984744, 107.0170901, 184.055, 7.724, -185.443 *
39.5993127, 107.0171035, 184.295, 7.726, -202.260 *
39.6001484, 107.0170866, 184.474, 7.727, -201.539 *
39.6084406, 107.0162547, 184.534, 7.727, -181.624 *
39.6009880, 107.0171031, 184.774, 7.729, -200.669 *
39.6018249, 107.0170893, 185.013, 7.731, -183.291 *
39.6092793, 107.0162588, 185.133, 7.732, -185.981 *
39.6026632, 107.0170842, 185.312, 7.733, -188.389 *
39.6035030, 107.0170844, 185.670, 7.736, -187.412 *
39.6101186, 107.0162557, 185.849, 7.738, -186.208 *
39.6043439, 107.0170865, 186.087, 7.740, -186.155 *
39.5985714, 107.0179326, 186.207, 7.741, -187.421 *
39.5994124, 107.0179265, 186.504, 7.744, -186.703 *
39.6051858, 107.0170870, 186.564, 7.745, -185.403 *
39.6109598, 107.0162518, 186.801, 7.747, -178.602 *
39.6002557, 107.0179299, 186.861, 7.748, -184.355 *
39.6060304, 107.0170956, 187.158, 7.751, -184.440 *
39.6010979, 107.0179196, 187.217, 7.752, -182.847 *
39.6019452, 107.0179328, 187.691, 7.757, -200.090 *
39.6068752, 107.0170935, 187.809, 7.759, -182.792 *
39.6027910, 107.0179278, 188.164, 7.763, -186.514 *
39.6118056, 107.0162550, 188.223, 7.764, -176.924 *
39.5987065, 107.0187585, 188.341, 7.765, -183.914 *
39.6077217, 107.0170880, 188.577, 7.768, -185.515 *
39.6036381, 107.0179208, 188.695, 7.770, -185.861 *
39.5995544, 107.0187534, 188.753, 7.771, -184.464 *
39.5995847, 107.0189033, 189.165, 7.776, -184.457 *
39.6044892, 107.0179233, 189.341, 7.779, -184.697 *
39.6004175, 107.0188135, 189.400, 7.780, -188.178 *
39.6085732, 107.0170914, 189.576, 7.782, -185.499 *
39.6012573, 107.0187531, 189.751, 7.785, -187.346 *
39.6053437, 107.0179283, 190.102, 7.790, -183.031 *
39.6126560, 107.0162507, 190.278, 7.793, -105.456 *
39.6021116, 107.0187509, 190.336, 7.794, -186.515 *
39.5988824, 107.0195847, 190.511, 7.796, -184.540 *
39.6094282, 107.0170899, 190.802, 7.801, -185.195 *
39.6062007, 107.0179288, 190.976, 7.804, -199.244 *
39.6029712, 107.0187593, 191.034, 7.805, -186.113 *
39.5997438, 107.0195980, 191.092, 7.806, -184.793 *
39.6006023, 107.0195885, 191.672, 7.816, -189.990 *
39.6038314, 107.0187559, 191.787, 7.818, -183.928 *
39.6062521, 107.0181267, 191.903, 7.820, -199.224 *
39.6102885, 107.0170838, 192.364, 7.828, -185.989 *
39.6014677, 107.0195930, 192.364, 7.828, -188.412 *
39.6070841, 107.0180075, 192.421, 7.829, -181.456 *
39.6046954, 107.0187515, 192.651, 7.834, -183.228 *
39.5991045, 107.0204257, 192.766, 7.836, -201.228 *
39.6023341, 107.0195875, 193.109, 7.843, -183.106 *
39.6079267, 107.0179191, 193.224, 7.845, -186.082 *
39.5999760, 107.0204305, 193.452, 7.849, -201.249 *
39.6055659, 107.0187520, 193.680, 7.854, -182.449 *
39.6135202, 107.0162521, 193.907, 7.859, -87.606 *
39.6032056, 107.0195842, 193.964, 7.860, -200.259 *
39.5984584, 107.0211636, 194.078, 7.862, -184.279 *
39.6008490, 107.0204268, 194.191, 7.865, -190.993 *
39.5984933, 107.0212711, 194.361, 7.868, -200.950 *
39.6111617, 107.0170879, 194.587, 7.873, -178.388 *
39.6088034, 107.0179232, 194.813, 7.878, -186.438 *
39.6064452, 107.0187584, 194.925, 7.880, -182.336 *
39.6040860, 107.0195906, 194.982, 7.882, -199.850 *
39.6017288, 107.0204285, 195.038, 7.883, -188.299 *
39.5993666, 107.0212520, 195.038, 7.883, -200.777 *
39.6002552, 107.0212629, 195.878, 7.902, -198.086 *
39.6026139, 107.0204286, 195.990, 7.904, -199.801 *
39.6049734, 107.0195960, 196.157, 7.908, -183.751 *
39.6073305, 107.0187566, 196.379, 7.913, -182.589 *
39.5987825, 107.0220870, 196.546, 7.917, -201.952 *
39.6096879, 107.0179168, 196.767, 7.923, -175.383 *
39.6011439, 107.0212574, 196.767, 7.923, -193.022 *
39.6112521, 107.0173369, 197.043, 7.930, -178.291 *
39.6035027, 107.0204199, 197.043, 7.930, -200.133 *
39.5996813, 107.0220952, 197.428, 7.939, -191.519 *
39.6058653, 107.0195898, 197.483, 7.940, -183.474 *
39.6012540, 107.0215346, 197.648, 7.945, -192.743 *
39.6082258, 107.0187508, 198.140, 7.957, -182.007 *
39.6020850, 107.0213615, 198.140, 7.957, -187.595 *
39.6044047, 107.0204225, 198.303, 7.961, -183.434 *
39.6005798, 107.0220851, 198.357, 7.963, -182.111 *
39.6120845, 107.0171674, 198.737, 7.973, -176.547 *
39.5991227, 107.0229189, 198.845, 7.976, -183.784 *
39.6029492, 107.0212597, 198.953, 7.979, -197.303 *
39.6067726, 107.0195932, 199.115, 7.983, -183.029 *
39.6105926, 107.0179186, 199.437, 7.992, -179.453 *
39.6014913, 107.0220866, 199.437, 7.992, -190.865 *
39.6053164, 107.0204218, 199.759, 8.000, -183.796 *
39.6000401, 107.0229245, 199.866, 8.003, -201.098 *
39.6038673, 107.0212618, 200.292, 8.015, -181.870 *
39.6091395, 107.0187505, 200.398, 8.018, -187.386 *
39.6024132, 107.0220886, 200.662, 8.026, -200.567 *
39.6054219, 107.0206449, 200.768, 8.029, -183.756 *
39.6009627, 107.0229209, 200.979, 8.035, -188.460 *
39.6076898, 107.0195849, 201.031, 8.036, -182.474 *
39.5995133, 107.0237540, 201.241, 8.043, -186.545 *
39.6062548, 107.0204461, 201.608, 8.053, -183.433 *
39.6144184, 107.0162514, 201.660, 9.689, -81.337
39.5995850, 107.0238964, 201.660, 8.707, -186.528 *
39.6047952, 107.0212571, 201.816, 8.712, -184.204 *
39.6033493, 107.0220940, 202.076, 8.721, -197.597 *
39.6019039, 107.0229312, 202.283, 8.728, -188.654 *
39.6004565, 107.0237641, 202.438, 8.733, -185.156 *
39.6129714, 107.0170855, 202.798, 8.745, -104.831 *
39.6115239, 107.0179171, 203.156, 8.757, -178.015 *
39.6100781, 107.0187516, 203.360, 8.763, -180.272 *
39.6020865, 107.0232687, 203.462, 8.767, -188.599 *
39.6086348, 107.0195905, 203.513, 8.769, -181.810 *
39.6071865, 107.0204202, 203.563, 8.770, -182.938 *
39.6057398, 107.0212529, 203.614, 8.772, -183.806 *
39.6042949, 107.0220885, 203.665, 8.774, -201.243 *
39.6014015, 107.0237537, 203.716, 8.775, -190.347 *
39.5999608, 107.0245967, 203.766, 8.777, -191.542 *
39.6029203, 107.0230478, 204.170, 8.791, -201.598 *
39.6087539, 107.0197971, 204.919, 8.817, -181.742 *
39.6009273, 107.0245977, 205.118, 8.824, -190.820 *
39.6023698, 107.0237573, 205.217, 8.828, -186.467 *
39.6038161, 107.0229230, 205.365, 8.833, -197.501 *
39.6052638, 107.0220907, 205.562, 8.840, -175.288 *
39.6067103, 107.0212557, 205.807, 8.849, -189.334 *
39.6081577, 107.0204216, 206.149, 8.861, -172.452 *
39.6004612, 107.0254307, 206.392, 8.870, -183.352 *
39.6096047, 107.0195858, 206.634, 8.879, -174.852 *
39.6019083, 107.0245948, 206.634, 8.879, -192.077 *
39.6054197, 107.0223383, 206.731, 8.882, -182.621 *
39.5998592, 107.0260380, 206.875, 8.888, -184.576 *
39.6033546, 107.0237567, 206.923, 8.890, -197.749 *
39.6048044, 107.0229228, 207.307, 8.904, -182.745 *
39.6110558, 107.0187541, 207.450, 8.909, -185.026 *
39.5999994, 107.0262506, 207.545, 8.913, -184.555 *
39.6020911, 107.0248729, 207.640, 8.916, -190.021 *
39.6062527, 107.0220847, 207.782, 8.922, -177.520 *
39.6014555, 107.0254235, 207.924, 8.927, -193.990 *
39.6029226, 107.0246102, 208.441, 8.946, -185.406 *
39.6077097, 107.0212568, 208.487, 8.948, -188.692 *
39.6125080, 107.0179191, 208.906, 8.964, -107.635 *
39.6043631, 107.0237558, 208.906, 8.964, -200.863 *
39.6010173, 107.0262550, 209.137, 8.973, -183.997 *
39.6091624, 107.0204184, 209.414, 8.984, -165.807 *
39.6058189, 107.0229200, 209.597, 8.991, -179.225 *
39.6024753, 107.0254212, 209.688, 8.995, -188.795 *
39.6045857, 107.0240616, 210.278, 9.018, -184.311 *
39.6012574, 107.0265831, 210.278, 9.018, -183.648 *
39.6005917, 107.0270874, 210.278, 9.018, -184.369 *
39.6079192, 107.0215468, 210.324, 9.019, -182.650 *
39.6039357, 107.0245868, 210.369, 9.021, -186.654 *
39.6112514, 107.0190301, 210.414, 9.023, -178.884 *
39.6072823, 107.0220894, 210.549, 9.028, -188.998 *
39.6106254, 107.0195866, 210.906, 9.042, -185.744 *
39.6145835, 107.0165129, 210.951, 4.990, -81.015
39.6020876, 107.0262951, 211.084, 3.984, -183.787 *
39.6054184, 107.0237757, 211.350, 3.989, -184.258 *
39.6035268, 107.0254237, 211.746, 3.995, -183.859 *
39.6087517, 107.0212581, 211.877, 3.998, -165.464 *
39.6016489, 107.0270877, 212.095, 4.002, -183.130 *
39.6068742, 107.0229220, 212.398, 4.007, -185.782 *
39.6139711, 107.0170849, 212.527, 8.098, -100.985
39.6049982, 107.0245865, 212.742, 4.013, -184.455 *
39.6037562, 107.0257061, 212.956, 4.017, -201.222 *
39.6031255, 107.0262542, 212.998, 4.018, -187.316 *
39.6012583, 107.0279279, 213.211, 4.021, -184.263 *
39.6120972, 107.0187510, 213.465, 7.447, -109.250 *
39.6095864, 107.0209571, 213.717, 4.030, -175.477 *
39.6070840, 107.0231727, 213.884, 4.033, -185.720 *
39.6083539, 107.0220866, 213.968, 4.035, -164.614 *
39.6064797, 107.0237511, 214.051, 4.036, -192.286 *
39.6020919, 107.0276179, 214.093, 4.037, -183.097 *
39.6046105, 107.0254214, 214.134, 4.038, -186.853 *
39.6029235, 107.0272974, 215.038, 4.054, -192.135 *
39.6054170, 107.0250718, 215.160, 4.057, -187.581 *
39.6023608, 107.0279209, 215.281, 4.059, -194.623 *
39.6042312, 107.0262519, 215.402, 4.061, -184.761 *
39.6079763, 107.0229176, 215.843, 4.069, -182.998 *
39.6104186, 107.0206354, 215.883, 4.070, -186.416 *
39.6098508, 107.0212517, 216.279, 4.077, -198.099 *
39.6019937, 107.0287547, 216.319, 4.078, -184.353 *
39.6062531, 107.0247451, 216.476, 4.081, -189.429 *
39.6038655, 107.0270852, 216.594, 4.083, -186.911 *
39.6020883, 107.0288543, 216.711, 4.085, -184.343 *
39.6057406, 107.0254183, 216.983, 4.090, -191.290 *
39.6129173, 107.0184123, 217.060, 7.569, -107.364 *
39.6117264, 107.0195854, 217.099, 7.570, -110.660 *
39.6087537, 107.0225228, 217.176, 4.093, -182.476 *
39.6045839, 107.0266265, 217.176, 4.093, -184.674 *
39.6016346, 107.0295875, 217.291, 4.096, -182.932 *
39.6076191, 107.0237533, 217.559, 4.101, -183.318 *
39.6035116, 107.0279202, 217.712, 4.103, -191.820 *
39.6054187, 107.0262808, 218.427, 4.117, -188.256 *
39.6031676, 107.0287558, 218.761, 4.123, -183.607 *
39.6037548, 107.0281608, 218.798, 4.123, -191.753 *
39.6020856, 107.0300350, 219.055, 4.128, -182.863 *
39.6072728, 107.0245858, 219.092, 4.129, -185.143 *
39.6095868, 107.0221720, 219.202, 4.131, -199.028 *
39.6050534, 107.0270898, 219.492, 4.136, -190.818 *
39.6079193, 107.0240470, 219.565, 4.138, -183.216 *
39.6062549, 107.0259245, 219.817, 4.142, -187.382 *
39.6113838, 107.0204191, 220.067, 7.672, -196.351 *
39.6029209, 107.0296739, 220.102, 4.148, -183.462 *
39.6091616, 107.0229191, 220.351, 4.152, -199.150 *
39.6047214, 107.0279222, 220.597, 4.157, -190.439 *
39.6024943, 107.0304171, 220.632, 4.158, -187.188 *
39.6037531, 107.0293003, 221.222, 4.169, -194.614 *
39.6054169, 107.0274233, 221.257, 4.169, -189.913 *
39.6070845, 107.0255494, 221.326, 4.171, -188.073 *
39.6104172, 107.0217993, 221.565, 4.175, -181.069 *
39.6066157, 107.0262507, 221.769, 4.179, -191.075 *
39.6120833, 107.0199238, 221.836, 7.734, -195.108 *
39.6088392, 107.0237517, 222.039, 4.184, -182.694 *
39.6029244, 107.0307969, 222.273, 4.188, -189.203 *
39.6045850, 107.0289163, 222.439, 4.191, -192.300 *
39.6137506, 107.0180488, 222.538, 7.765, -90.132
39.6040861, 107.0295897, 222.605, 4.194, -183.809 *
39.6063060, 107.0270862, 222.966, 4.201, -188.970 *
39.6079216, 107.0251667, 223.063, 4.203, -183.411 *
39.6037718, 107.0304167, 223.483, 4.211, -188.514 *
39.6095860, 107.0232874, 223.579, 4.212, -164.801 *
39.6054177, 107.0285217, 223.771, 4.216, -184.669 *
39.6132861, 107.0187501, 223.866, 7.804, -106.865 *
39.6070854, 107.0266434, 224.275, 4.225, -192.389 *
39.6034798, 107.0312564, 224.369, 4.227, -189.095 *
39.6112530, 107.0214084, 224.462, 7.824, -180.171 *
39.6107606, 107.0220854, 224.679, 4.233, -186.403 *
39.6045908, 107.0300026, 224.679, 4.233, -183.831 *
39.6082360, 107.0254206, 224.955, 4.238, -183.319 *
39.6087519, 107.0247621, 224.986, 4.239, -182.968 *
39.6057078, 107.0287526, 225.077, 4.240, -190.313 *
39.6062561, 107.0281193, 225.260, 4.244, -189.441 *
39.6037579, 107.0314742, 225.410, 4.246, -189.045 *
39.6033685, 107.0322293, 225.829, 4.254, -189.628 *
39.6054225, 107.0295875, 226.035, 4.258, -180.704 *
39.6079440, 107.0262503, 226.182, 4.261, -183.601 *
39.6104739, 107.0229189, 226.532, 4.267, -168.112 *
39.6045893, 107.0310529, 226.676, 4.270, -178.917 *
39.6070834, 107.0276949, 226.848, 4.273, -184.138 *
39.6095870, 107.0243432, 227.217, 4.280, -165.106 *
39.6037574, 107.0325169, 227.217, 4.280, -189.561 *
39.6130005, 107.0195840, 227.414, 7.925, -108.342 *
39.6062558, 107.0291611, 227.526, 4.285, -193.958 *
39.6048662, 107.0312529, 227.748, 4.289, -188.800 *
39.6120833, 107.0209852, 227.969, 7.944, -179.058 *
39.6087514, 107.0258023, 228.024, 4.294, -183.197 *
39.6054210, 107.0306203, 228.051, 4.295, -181.248 *
39.6073984, 107.0279190, 228.404, 4.301, -189.542 *
39.6046001, 107.0320876, 228.539, 4.304, -189.378 *
39.6079171, 107.0272603, 228.646, 4.306, -183.794 *
39.6112529, 107.0224453, 229.071, 4.313, -180.669 *
39.6043382, 107.0329214, 229.280, 4.317, -189.936 *
39.6071360, 107.0287526, 229.384, 4.319, -184.287 *
39.6062502, 107.0301734, 229.540, 4.322, -184.696 *
39.6099347, 107.0245840, 229.591, 4.323, -167.425 *
39.6104181, 107.0239004, 229.771, 4.326, -165.373 *
39.6054176, 107.0316293, 229.873, 4.328, -173.897 *
39.6045847, 107.0330844, 230.152, 4.333, -189.894 *
39.6087540, 107.0268111, 230.676, 4.342, -183.409 *
39.6096826, 107.0254180, 230.897, 4.346, -181.585 *
39.6079205, 107.0282646, 230.970, 4.347, -183.972 *
39.6066307, 107.0304195, 231.140, 4.350, -173.181 *
39.6070886, 107.0297189, 231.212, 4.351, -173.460 *
39.6145839, 107.0176243, 231.333, 4.859, -86.231
39.6054170, 107.0326210, 231.546, 4.357, -174.060 *
39.6063867, 107.0312510, 231.927, 4.364, -174.307 *
39.6137503, 107.0190764, 232.120, 7.534, -92.270 *
39.6129177, 107.0205287, 232.468, 7.545, -109.853 *
39.6124950, 107.0212510, 232.507, 7.546, -195.861 *
39.6112518, 107.0234325, 232.781, 4.380, -181.292 *
39.6104180, 107.0248839, 232.860, 4.381, -169.387 *
39.6095878, 107.0263373, 232.938, 4.382, -167.809 *
39.6087536, 107.0277883, 232.978, 4.383, -189.149 *
39.6079212, 107.0292403, 233.017, 4.384, -184.298 *
39.6070905, 107.0306933, 233.057, 4.385, -177.445 *
39.6062512, 107.0321413, 233.057, 4.385, -174.354 *
39.6054233, 107.0335958, 233.096, 4.385, -183.122 *
39.6056988, 107.0337507, 234.059, 4.402, -189.383 *
39.6089878, 107.0279199, 234.181, 4.405, -173.817 *
39.6122711, 107.0220854, 234.467, 7.606, -179.810 *
39.6062532, 107.0331001, 234.591, 4.412, -182.305 *
39.6070885, 107.0316494, 234.714, 4.414, -176.873 *
39.6079183, 107.0301955, 234.838, 4.416, -178.803 *
39.6087681, 107.0287522, 235.088, 4.420, -183.967 *
39.6095838, 107.0272906, 235.213, 4.423, -171.104 *
39.6056720, 107.0346866, 235.339, 4.425, -189.898 *
39.6104208, 107.0258400, 235.507, 4.428, -167.913 *
39.6112504, 107.0243852, 235.845, 4.434, -171.823 *
39.6062595, 107.0340490, 236.015, 4.436, -189.293 *
39.6070874, 107.0325930, 236.229, 4.440, -181.278 *
39.6120845, 107.0229322, 236.358, 4.442, -185.773 *
39.6079265, 107.0311423, 236.530, 4.445, -177.168 *
39.6087523, 107.0296845, 236.834, 4.450, -184.123 *
39.6129196, 107.0214789, 237.139, 7.686, -195.726 *
39.6095902, 107.0282320, 237.271, 4.458, -174.344 *
39.6062613, 107.0349850, 237.315, 4.458, -189.806 *
39.6081473, 107.0312512, 237.447, 4.461, -171.753 *
39.6070881, 107.0335265, 237.624, 4.464, -188.629 *
39.6104240, 107.0267768, 237.801, 4.467, -169.589 *
39.6079576, 107.0320876, 238.158, 4.473, -179.686 *
39.6137508, 107.0200219, 238.383, 7.721, -108.480 *
39.6112547, 107.0253188, 238.473, 4.478, -171.542 *
39.6087521, 107.0306124, 238.473, 4.478, -180.906 *
39.6070945, 107.0344534, 238.927, 4.485, -189.166 *
39.6095891, 107.0291561, 239.064, 4.487, -183.803 *
39.6120847, 107.0238588, 239.385, 4.492, -186.235 *
39.6079201, 107.0329909, 239.385, 4.492, -187.932 *
39.6104174, 107.0276941, 239.754, 4.498, -171.544 *
39.6114735, 107.0254176, 239.940, 4.501, -173.074 *
39.6073852, 107.0345834, 239.940, 4.501, -189.118 *
39.6087593, 107.0315332, 239.987, 4.502, -180.758 *
39.6072121, 107.0354198, 240.502, 4.510, -189.662 *
39.6079196, 107.0339033, 240.644, 4.512, -188.496 *
39.6095931, 107.0300712, 240.691, 4.513, -183.992 *
39.6129185, 107.0223976, 240.738, 7.787, -179.462 *
39.6145846, 107.0185619, 240.928, 4.517, -89.428 *
39.6112991, 107.0262527, 240.975, 4.518, -170.868 *
39.6087528, 107.0324392, 241.309, 4.523, -187.325 *
39.6104245, 107.0286059, 241.549, 4.527, -183.585 *
39.6079295, 107.0348127, 241.839, 4.531, -189.148 *
39.6120887, 107.0247691, 241.935, 4.532, -191.854 *
39.6095908, 107.0309746, 242.130, 4.535, -182.798 *
39.6087599, 107.0333434, 242.569, 4.542, -187.917 *
39.6112527, 107.0271361, 242.618, 4.543, -173.848 *
39.6137520, 107.0209309, 242.864, 7.037, -109.847 *
39.6079307, 107.0357122, 242.913, 4.547, -189.245 *
39.6104244, 107.0295051, 243.111, 4.550, -194.027 *
39.6095950, 107.0318730, 243.459, 4.555, -177.171 *
39.6129217, 107.0232987, 243.659, 4.558, -180.268 *
39.6087625, 107.0342394, 243.709, 4.559, -188.036 *
39.6120873, 107.0256642, 244.060, 4.564, -175.447 *
39.6106408, 107.0295859, 244.161, 4.565, -192.066 *
39.6112532, 107.0280295, 244.312, 4.567, -183.172 *
39.6095862, 107.0327602, 244.617, 4.572, -186.728 *
39.6087540, 107.0351258, 244.719, 4.573, -188.604 *
39.6104808, 107.0304167, 244.770, 4.574, -175.263 *
39.6087581, 107.0360121, 245.694, 4.587, -185.169 *
39.6104188, 107.0312799, 245.746, 4.587, -176.704 *
39.6095962, 107.0336486, 245.746, 4.587, -187.343 *
39.6112514, 107.0289145, 245.798, 4.588, -183.389 *
39.6120888, 107.0265506, 245.902, 4.589, -173.610 *
39.6129190, 107.0241842, 246.006, 4.591, -180.872 *
39.6137516, 107.0218186, 246.214, 7.111, -178.458 *
39.6086921, 107.0368712, 246.371, 4.596, -190.432 *
39.6087567, 107.0368924, 246.581, 4.599, -190.424 *
39.6145848, 107.0194530, 246.686, 4.600, -105.287 *
39.6095940, 107.0345282, 246.738, 4.601, -105.875 *
39.6104206, 107.0321604, 246.897, 4.603, -103.760 *
39.6112581, 107.0297958, 247.161, 4.606, -188.899 *
39.6097679, 107.0345834, 247.373, 4.609, -185.017 *
39.6120867, 107.0274282, 247.480, 4.610, -173.651 *
39.6096492, 107.0354213, 247.853, 4.615, -185.148 *
39.6104266, 107.0330375, 247.960, 4.616, -105.013 *
39.6129229, 107.0250624, 248.014, 4.617, -186.608 *
39.6112549, 107.0306688, 248.337, 6.575, -183.189 *
39.6095904, 107.0362760, 248.499, 6.578, -189.407 *
39.6154176, 107.0170864, 248.553, -1.219, -79.663
39.6093809, 107.0370853, 248.607, 4.381, -187.208 *
39.6137508, 107.0226931, 248.823, 6.617, -112.064 *
39.6120874, 107.0283007, 248.878, 4.384, -183.156 *
39.6104182, 107.0339064, 248.878, 4.384, -104.878 *
39.6095984, 107.0371478, 249.314, 4.389, -187.940 *
39.6112579, 107.0315393, 249.423, 4.390, -177.308 *
39.6129240, 107.0259325, 249.697, 4.393, -187.037 *
39.6104188, 107.0347746, 249.752, 4.394, -184.955 *
39.6120929, 107.0291696, 250.138, 4.398, -188.501 *
39.6112626, 107.0324066, 250.414, 4.401, -104.336 *
39.6145841, 107.0203232, 250.525, 4.403, -108.041 *
39.6104261, 107.0356417, 250.581, 4.403, -185.202 *
39.6137562, 107.0235606, 250.971, 4.407, -180.210 *
39.6129246, 107.0267968, 251.139, 4.409, -170.834 *
39.6120852, 107.0300310, 251.195, 4.410, -186.847 *
39.6112509, 107.0332664, 251.251, 4.410, -104.269 *
39.6104216, 107.0365030, 251.307, 4.411, -186.325 *
39.6104180, 107.0373623, 251.982, 5.206, -186.503 *
39.6112602, 107.0341288, 252.095, 5.207, -104.757 *
39.6120921, 107.0308927, 252.209, 5.208, -189.660 *
39.6129232, 107.0276564, 252.379, 5.210, -167.544 *
39.6137531, 107.0244195, 252.663, 5.214, -185.909 *
39.6112597, 107.0349865, 252.834, 5.216, -185.025 *
39.6120854, 107.0317485, 253.063, 5.218, -190.428 *
39.6145845, 107.0211826, 253.292, 5.221, -109.979 *
39.6129217, 107.0285125, 253.464, 5.223, -181.585 *
39.6112612, 107.0358426, 253.522, 5.223, -189.561 *
39.6120862, 107.0326036, 253.868, 5.227, -175.362 *
39.6137532, 107.0252747, 254.099, 5.230, -190.835 *
39.6112626, 107.0366968, 254.157, 5.230, -189.583 *
39.6129247, 107.0293667, 254.447, 5.233, -182.846 *
39.6120923, 107.0334577, 254.621, 5.235, -186.164 *
39.6112618, 107.0375490, 254.737, 5.236, -186.300 *
39.6120863, 107.0343077, 255.263, 5.242, -186.798 *
39.6137541, 107.0261266, 255.321, 5.242, -166.090 *
39.6129279, 107.0302186, 255.321, 5.242, -183.083 *
39.6145855, 107.0220354, 255.380, 5.243, -195.388 *
39.6154181, 107.0179444, 255.673, 1.547, -85.531
39.6120958, 107.0351590, 255.909, 4.727, -184.399 *
39.6129269, 107.0310678, 256.086, 4.729, -184.525 *
39.6137567, 107.0269760, 256.381, 4.731, -199.510 *
39.6120873, 107.0360058, 256.440, 4.732, -184.584 *
39.6129175, 107.0319138, 256.736, 4.734, -187.528 *
39.6120916, 107.0368536, 256.974, 4.736, -186.999 *
39.6145893, 107.0228842, 257.033, 4.737, -112.291 *
39.6137545, 107.0278224, 257.272, 4.738, -200.015 *
39.6129235, 107.0327611, 257.391, 4.739, -181.657 *
39.6120904, 107.0376994, 257.450, 0.758, -186.124 *
39.6129302, 107.0336073, 257.989, 4.744, -167.964 *
39.6137517, 107.0286671, 258.049, 4.745, -182.550 *
39.6145852, 107.0237287, 258.289, 4.746, -197.051 *
39.6129198, 107.0344497, 258.469, 4.748, -183.828 *
39.6137558, 107.0295114, 258.770, 4.750, -182.918 *
39.6129207, 107.0352930, 258.951, 4.751, -184.507 *
39.6154187, 107.0187898, 259.254, 2.959, -89.002
39.6145883, 107.0245721, 259.375, 4.120, -185.640 *
39.6137522, 107.0303535, 259.375, 2.362, -183.595 *
39.6129328, 107.0361370, 259.435, 2.362, -185.023 *
39.6129207, 107.0369771, 259.799, 2.363, -185.121 *
39.6137627, 107.0311964, 259.982, 2.364, -183.401 *
39.6146787, 107.0245838, 260.103, 4.655, -198.064 *
39.6129170, 107.0378176, 260.164, 0.762, -203.130 *
39.6146169, 107.0254168, 260.469, 4.657, -114.719 *
39.6137599, 107.0320367, 260.469, 2.365, -186.653 *
39.6137538, 107.0328760, 260.896, 2.366, -193.556 *
39.6145903, 107.0262536, 261.019, 4.661, -115.136 *
39.6137577, 107.0337158, 261.325, 2.368, -182.106 *
39.6154181, 107.0196301, 261.386, 3.491, -91.485
39.6145860, 107.0270923, 261.632, 3.976, -116.432 *
39.6137555, 107.0345544, 261.693, 2.369, -178.168 *
39.6137618, 107.0353934, 262.062, 2.370, -176.445 *
39.6145854, 107.0279306, 262.186, 3.015, -182.649 *
39.6137592, 107.0362311, 262.371, 2.370, -184.994 *
39.6145864, 107.0287684, 262.679, 2.371, -187.967 *
39.6137636, 107.0370691, 262.679, 0.764, -203.018 *
39.6154170, 107.0204681, 262.803, 4.381, -93.414
39.6137564, 107.0379058, 262.926, 0.764, -199.325 *
39.6145869, 107.0296056, 263.112, 2.372, -183.260 *
39.6138879, 107.0379167, 263.359, 0.764, -199.461 *
39.6145847, 107.0304422, 263.483, 2.373, -182.965 *
39.6154190, 107.0213050, 263.856, 4.904, -94.998
39.6145909, 107.0312790, 263.856, 2.374, -184.753 *
39.6145917, 107.0321152, 264.166, 2.375, -187.455 *
39.6145848, 107.0329505, 264.415, 2.375, -191.242 *
39.6154171, 107.0221407, 264.602, 4.694, -96.338
39.6145836, 107.0337861, 264.664, 2.376, -184.134 *
39.6145880, 107.0346217, 264.913, 2.376, -182.275 *
39.6145980, 107.0354575, 265.163, 2.376, -184.821 *
39.6154195, 107.0229762, 265.225, 4.565, -97.491 *
39.6145961, 107.0362925, 265.350, 0.766, -199.241 *
39.6145985, 107.0371275, 265.537, 0.766, -199.408 *
39.6145862, 107.0379617, 265.662, 0.766, -202.206 *
39.6154220, 107.0238112, 265.725, 3.991, -179.920 *
39.6154203, 107.0246458, 266.100, 4.583, -198.020
39.6154186, 107.0254801, 266.413, 5.340, -100.249
39.6154240, 107.0263145, 266.726, 5.140, -101.013 *
39.6154168, 107.0271484, 266.914, 3.993, -98.573 *
39.6154243, 107.0279827, 267.165, 3.994, -183.128 *
39.6154262, 107.0288166, 267.353, 2.380, -188.420 *
39.6154204, 107.0296503, 267.479, 2.380, -183.787 *
39.6154174, 107.0304841, 267.604, 0.767, -201.180 *
39.6154171, 107.0313179, 267.730, 0.767, -202.011 *
39.6154198, 107.0321516, 267.855, 0.767, -185.133 *
39.6152460, 107.0388179, 267.918, 0.767, -186.978 *
39.6154252, 107.0329854, 267.981, 2.380, -187.241 *
39.6154179, 107.0338189, 268.044, 2.380, -191.376 *
39.6154283, 107.0346527, 268.170, 2.380, -194.185 *
39.6154245, 107.0354863, 268.232, 0.767, -185.301 *
39.6154222, 107.0363198, 268.295, 0.767, -185.330 *
39.6154212, 107.0371534, 268.358, 0.767, -185.301 *
39.6154217, 107.0379869, 268.421, 0.767, -202.683 *
39.6154236, 107.0388205, 268.484, 0.767, -188.546 *
39.6162529, 107.0388146, 271.127, 2.382, -188.542 *
39.6162595, 107.0379810, 271.190, 0.767, -202.679 *
39.6162508, 107.0363143, 271.253, 0.767, -185.326 *
39.6162646, 107.0371474, 271.253, 0.767, -199.305 *
39.6162538, 107.0354807, 271.316, 0.767, -185.296 *
39.6162554, 107.0346472, 271.379, 0.767, -194.177 *
39.6162556, 107.0338137, 271.442, 0.767, -191.367 *
39.6162544, 107.0329802, 271.505, 0.767, -187.234 *
39.6162517, 107.0321467, 271.568, 0.767, -185.126 *
39.6162611, 107.0313129, 271.694, 0.767, -202.004 *
39.6162549, 107.0304795, 271.757, 2.382, -201.172 *
39.6162593, 107.0296457, 271.883, 2.382, -183.778 *
39.6162609, 107.0288120, 272.008, 3.997, -188.406 *
39.6162596, 107.0279784, 272.134, 4.575, -183.117 *
39.6162555, 107.0271448, 272.260, 5.156, -98.566
39.6162577, 107.0263110, 272.449, 5.988, -101.004
39.6162557, 107.0254772, 272.637, 5.884, -100.239
39.6162573, 107.0246432, 272.889, 4.662, -198.010
39.6162531, 107.0238094, 273.140, 3.997, -179.901 *
39.6162560, 107.0229750, 273.517, 4.573, -97.476 *
39.6171008, 107.0387782, 273.831, 2.380, -110.009 *
39.6162504, 107.0221410, 273.894, 4.804, -96.320
39.6170960, 107.0379440, 273.957, 0.767, -190.007 *
39.6170884, 107.0371099, 274.082, 0.767, -203.215 *
39.6170955, 107.0362747, 274.270, 0.767, -189.391 *
39.6162511, 107.0213063, 274.458, 5.032, -94.976
39.6170984, 107.0354397, 274.458, 0.767, -189.198 *
39.6170970, 107.0346049, 274.646, 0.767, -187.917 *
39.6170914, 107.0337702, 274.834, 0.767, -186.416 *
39.6170963, 107.0329346, 275.085, 0.766, -203.065 *
39.6162517, 107.0204711, 275.210, 4.932, -93.387
39.6170955, 107.0320993, 275.335, 0.766, -201.360 *
39.6170891, 107.0312642, 275.585, 0.766, -202.023 *
39.6170896, 107.0304283, 275.897, 2.378, -183.479 *
39.6162528, 107.0196352, 276.272, 4.309, -91.449
39.6170949, 107.0295917, 276.272, 2.378, -183.879 *
39.6170918, 107.0287555, 276.645, 3.826, -183.577 *
39.6179279, 107.0378761, 276.708, 0.766, -185.245 *
39.6171475, 107.0287498, 276.957, 5.671, -183.580 *
39.6179254, 107.0370395, 276.957, 0.766, -187.898 *
39.6171115, 107.0279164, 277.205, 5.789, -99.412 *
39.6179173, 107.0362031, 277.205, 0.765, -187.536 *
39.6179202, 107.0353654, 277.516, 0.765, -204.257 *
39.6170893, 107.0270814, 277.578, 5.832, -101.730
39.6162522, 107.0187981, 277.826, 3.978, -88.952
39.6179320, 107.0345261, 277.888, 0.765, -203.052 *
39.6170857, 107.0262437, 278.135, 5.105, -181.732
39.6179201, 107.0336893, 278.197, 0.765, -202.496 *
39.6179302, 107.0328493, 278.630, 0.764, -202.027 *
39.6170861, 107.0254049, 278.815, 4.518, -190.969 *
39.6179305, 107.0320099, 279.062, 3.373, -199.321 *
39.6187517, 107.0377782, 279.431, 0.764, -187.901 *
39.6179208, 107.0311713, 279.492, 3.371, -198.895 *
39.6170861, 107.0245650, 279.615, 3.371, -180.660 *
39.6187537, 107.0369375, 279.799, 0.764, -186.930 *
39.6179260, 107.0303299, 280.045, 3.369, -198.454 *
39.6187643, 107.0360950, 280.228, 0.763, -204.431 *
39.6162515, 107.0179587, 280.412, 3.426, -85.451
39.6170883, 107.0237236, 280.595, 3.812, -112.840 *
39.6179186, 107.0294896, 280.595, 3.367, -184.049 *
39.6187650, 107.0352531, 280.656, 2.626, -203.740 *
39.6187558, 107.0344122, 281.083, 2.625, -202.278 *
39.6179203, 107.0286468, 281.266, 4.903, -103.002 *
39.6187518, 107.0335696, 281.569, 2.623, -203.234 *
39.6170863, 107.0228810, 281.751, 3.807, -97.530 *
39.6179268, 107.0278019, 282.054, 5.632, -102.413 *
39.6187508, 107.0327257, 282.115, 2.621, -202.675 *
39.6196009, 107.0376449, 282.236, 2.621, -187.722 *
39.6195872, 107.0368021, 282.658, 2.619, -202.476 *
39.6187506, 107.0318805, 282.718, 2.619, -199.387 *
39.6179245, 107.0269570, 282.898, 4.892, -101.769 *
39.6170847, 107.0220360, 283.199, 3.966, -96.385
39.6195973, 107.0359539, 283.199, 2.617, -186.683 *
39.6187618, 107.0310318, 283.438, 2.616, -198.927 *
39.6195947, 107.0351071, 283.737, 2.615, -186.485 *
39.6179199, 107.0261107, 283.857, 4.027, -101.073
39.6187561, 107.0301848, 284.155, 2.613, -198.548 *
39.6195948, 107.0342584, 284.333, 2.613, -203.808 *
39.6179168, 107.0252619, 284.985, 3.839, -186.294 *
39.6187562, 107.0293350, 284.985, 3.156, -100.549 *
39.6195954, 107.0334082, 284.985, 2.610, -203.082 *
39.6204345, 107.0374816, 284.985, 2.610, -199.990 *
39.6170865, 107.0211868, 285.103, 3.838, -95.066
39.6204217, 107.0366329, 285.515, 2.607, -199.573 *
39.6195944, 107.0325568, 285.692, 0.344, -202.694 *
39.6187576, 107.0284827, 285.926, 4.406, -103.056 *
39.6204292, 107.0357782, 286.160, 0.344, -203.623 *
39.6179231, 107.0244079, 286.394, 3.490, -180.857 *
39.6195896, 107.0317043, 286.452, 2.603, -136.451 *
39.6204211, 107.0349255, 286.801, 0.343, -106.539 *
39.6187561, 107.0276285, 286.975, 4.397, -102.466 *
39.6195913, 107.0308482, 287.322, 1.948, -202.353 *
39.6204275, 107.0340674, 287.553, 1.947, -187.805 *
39.6212668, 107.0372857, 287.726, 0.343, -200.166 *
39.6179215, 107.0235517, 288.013, 3.635, -98.638 *
39.6187564, 107.0267707, 288.185, 3.268, -101.837 *
39.6195835, 107.0299919, 288.242, 1.945, -184.431 *
39.6204297, 107.0332080, 288.356, 1.944, -186.079 *
39.6212527, 107.0364303, 288.356, 0.342, -202.431 *
39.6212552, 107.0355684, 289.096, 0.342, -185.628 *
39.6204256, 107.0323477, 289.209, 1.941, -203.033 *
39.6195858, 107.0291299, 289.322, 2.653, -103.660 *
39.6187521, 107.0259103, 289.548, 3.259, -115.343 *
39.6212545, 107.0347050, 289.885, 0.341, -189.490 *
39.6204257, 107.0314834, 290.165, 1.936, -202.505 *
39.6220936, 107.0370578, 290.444, 0.341, -200.458 *
39.6195915, 107.0282631, 290.556, 3.251, -103.124 *
39.6212631, 107.0338360, 290.778, 0.227, -107.977 *
39.6204257, 107.0306157, 291.221, 1.932, -101.788 *
39.6220919, 107.0361900, 291.221, 0.226, -186.553 *
39.6212627, 107.0329663, 291.716, 1.929, -106.411 *
39.6195850, 107.0273955, 291.880, 2.951, -188.046 *
39.6220861, 107.0353207, 292.044, 0.226, -190.459 *
39.6204211, 107.0297453, 292.370, 1.926, -183.971 *
39.6214252, 107.0329142, 292.370, 1.926, -189.214 *
39.6213025, 107.0320796, 292.912, 1.923, -186.389 *
39.6220885, 107.0344454, 292.966, 0.225, -185.541 *
39.6229272, 107.0367933, 293.181, -2.000, -199.239 *
39.6204181, 107.0288698, 293.662, 1.920, -168.613 *
39.6220946, 107.0335648, 293.981, 0.225, -192.143 *
39.6229178, 107.0359175, 294.034, -1.995, -202.225 *
